Temperatura em x = L/2
t T
0 19.7692
10 21.387
20 22.7382
30 24.0611
40 25.3848
50 26.7151
60 28.0502
70 29.3871
80 30.7234
90 32.0572
100 33.3871
110 34.7123
120 36.032
130 37.3458
140 38.6534
150 39.9547
160 41.2494
170 42.5375
180 43.8189
190 45.0936
200 46.3615
210 47.6228
220 48.8773
230 50.125
240 51.3661
250 52.6005
260 53.8282
270 55.0493
280 56.2638
290 57.4717
300 58.673
310 59.8678
320 61.056
330 62.2379
340 63.4132
350 64.5822
360 65.7447
370 66.9009
380 68.0508
390 69.1944
400 70.3318
410 71.4629
420 72.5878
430 73.7066
440 74.8192
450 75.9258
460 77.0262
470 78.1207
480 79.2091
490 80.2916
500 81.3681
510 82.4387
520 83.5035
530 84.5624
540 85.6155
550 86.6628
560 87.7043
570 88.7402
580 89.7703
590 90.7948
600 91.8137
610 92.827
620 93.8347
630 94.8369
640 95.8336
650 96.8248
660 97.8105
670 98.7909
680 99.7658
690 100.735
700 101.7
710 102.659
720 103.612
730 104.561
740 105.504
750 106.442
760 107.375
770 108.303
780 109.226
790 110.143
800 111.056
810 111.963
820 112.866
830 113.764
840 114.656
850 115.544
860 116.427
870 117.305
880 118.178
890 119.047
900 119.911
910 120.77
920 121.624
930 122.473
940 123.318
950 124.158
960 124.994
970 125.825
980 126.651
990 127.473
1000 128.291
1010 129.104
1020 129.912
1030 130.716
1040 131.516
1050 132.311
1060 133.102
1070 133.888
1080 134.67
1090 135.448
1100 136.222
1110 136.991
1120 137.756
1130 138.517
1140 139.274
1150 140.026
1160 140.775
1170 141.519
1180 142.259
1190 142.995
1200 143.727
1210 144.456
1220 145.18
1230 145.9
1240 146.616
1250 147.328
1260 148.036
1270 148.741
1280 149.441
1290 150.138
1300 150.831
1310 151.52
1320 152.205
1330 152.887
1340 153.565
1350 154.239
1360 154.909
1370 155.576
1380 156.239
1390 156.898
1400 157.554
1410 158.206
1420 158.854
1430 159.499
1440 160.141
1450 160.779
1460 161.413
1470 162.044
1480 162.671
1490 163.295
1500 163.916
1510 164.533
1520 165.147
1530 165.757
1540 166.364
1550 166.968
1560 167.569
1570 168.166
1580 168.76
1590 169.35
1600 169.937
1610 170.521
1620 171.102
1630 171.68
1640 172.255
1650 172.826
1660 173.394
1670 173.959
1680 174.521
1690 175.08
1700 175.636
1710 176.189
1720 176.738
1730 177.285
1740 177.829
1750 178.37
1760 178.907
1770 179.442
1780 179.974
1790 180.503
1800 181.029
1810 181.552
1820 182.073
1830 182.59
1840 183.104
1850 183.616
1860 184.125
1870 184.631
1880 185.135
1890 185.635
1900 186.133
1910 186.628
1920 187.121
1930 187.61
1940 188.097
1950 188.582
1960 189.063
1970 189.542
1980 190.019
1990 190.492
2000 190.964
2010 191.432
2020 191.898
2030 192.362
2040 192.822
2050 193.281
2060 193.737
2070 194.19
2080 194.641
2090 195.089
2100 195.535
2110 195.979
2120 196.42
2130 196.858
2140 197.294
2150 197.728
2160 198.16
2170 198.589
2180 199.015
2190 199.44
2200 199.862
2210 200.281
2220 200.699
2230 201.114
2240 201.527
2250 201.937
2260 202.345
2270 202.751
2280 203.155
2290 203.557
2300 203.956
2310 204.353
2320 204.748
2330 205.141
2340 205.532
2350 205.92
2360 206.307
2370 206.691
2380 207.073
2390 207.453
2400 207.831
2410 208.207
2420 208.581
2430 208.953
2440 209.323
2450 209.69
2460 210.056
2470 210.42
2480 210.781
2490 211.141
2500 211.499
2510 211.854
2520 212.208
2530 212.56
2540 212.91
2550 213.258
2560 213.604
2570 213.948
2580 214.291
2590 214.631
2600 214.969
2610 215.306
2620 215.641
2630 215.974
2640 216.305
2650 216.634
2660 216.962
2670 217.288
2680 217.612
2690 217.934
2700 218.254
2710 218.573
2720 218.89
2730 219.205
2740 219.518
2750 219.83
2760 220.14
2770 220.448
2780 220.755
2790 221.06
2800 221.363
2810 221.664
2820 221.964
2830 222.263
2840 222.559
2850 222.854
2860 223.148
2870 223.439
2880 223.729
2890 224.018
2900 224.305
2910 224.59
2920 224.874
2930 225.156
2940 225.437
2950 225.716
2960 225.994
2970 226.27
2980 226.545
2990 226.818
3000 227.089
3010 227.359
3020 227.628
3030 227.895
3040 228.161
3050 228.425
3060 228.688
3070 228.949
3080 229.209
3090 229.467
3100 229.724
3110 229.98
3120 230.234
3130 230.487
3140 230.739
3150 230.989
3160 231.237
3170 231.485
3180 231.73
3190 231.975
3200 232.218
3210 232.46
3220 232.701
3230 232.94
3240 233.178
3250 233.415
3260 233.65
3270 233.884
3280 234.117
3290 234.348
3300 234.579
3310 234.807
3320 235.035
3330 235.262
3340 235.487
3350 235.711
3360 235.933
3370 236.155
3380 236.375
3390 236.594
3400 236.812
3410 237.029
3420 237.244
3430 237.459
3440 237.672
3450 237.884
3460 238.095
3470 238.304
3480 238.513
3490 238.72
3500 238.926
3510 239.131
3520 239.335
3530 239.538
3540 239.74
3550 239.94
3560 240.14
3570 240.338
3580 240.535
3590 240.732
3600 240.927
3610 241.121
3620 241.314
3630 241.506
3640 241.697
3650 241.887
3660 242.075
3670 242.263
3680 242.45
3690 242.635
3700 242.82
3710 243.004
3720 243.186
3730 243.368
3740 243.549
3750 243.728
3760 243.907
3770 244.085
3780 244.262
3790 244.437
3800 244.612
3810 244.786
3820 244.959
3830 245.131
3840 245.302
3850 245.472
3860 245.641
3870 245.809
3880 245.976
3890 246.143
3900 246.308
3910 246.472
3920 246.636
3930 246.799
3940 246.961
3950 247.121
3960 247.281
3970 247.441
3980 247.599
3990 247.756
4000 247.913
4010 248.069
4020 248.223
4030 248.377
4040 248.531
4050 248.683
4060 248.834
4070 248.985
4080 249.135
4090 249.284
4100 249.432
4110 249.579
4120 249.726
4130 249.871
4140 250.016
4150 250.16
4160 250.304
4170 250.446
4180 250.588
4190 250.729
4200 250.869
4210 251.009
4220 251.147
4230 251.285
4240 251.423
4250 251.559
4260 251.695
4270 251.829
4280 251.964
4290 252.097
4300 252.23
4310 252.362
4320 252.493
4330 252.624
4340 252.753
4350 252.882
4360 253.011
4370 253.138
4380 253.265
4390 253.392
4400 253.517
4410 253.642
4420 253.766
4430 253.89
4440 254.013
4450 254.135
4460 254.256
4470 254.377
4480 254.497
4490 254.617
4500 254.736
4510 254.854
4520 254.972
4530 255.088
4540 255.205
4550 255.32
4560 255.435
4570 255.55
4580 255.663
4590 255.777
4600 255.889
4610 256.001
4620 256.112
4630 256.223
4640 256.333
4650 256.442
4660 256.551
4670 256.659
4680 256.767
4690 256.874
4700 256.98
4710 257.086
4720 257.192
4730 257.296
4740 257.4
4750 257.504
4760 257.607
4770 257.709
4780 257.811
4790 257.913
4800 258.013
4810 258.114
4820 258.213
4830 258.312
4840 258.411
4850 258.509
4860 258.606
4870 258.703
4880 258.8
4890 258.895
4900 258.991
4910 259.086
4920 259.18
4930 259.274
4940 259.367
4950 259.46
4960 259.552
4970 259.644
4980 259.735
4990 259.826
5000 259.916
5010 260.006
5020 260.095
5030 260.184
5040 260.272
5050 260.36
5060 260.447
5070 260.534
5080 260.62
5090 260.706
5100 260.792
5110 260.876
5120 260.961
5130 261.045
5140 261.128
5150 261.212
5160 261.294
5170 261.376
5180 261.458
5190 261.539
5200 261.62
5210 261.7
5220 261.78
5230 261.86
5240 261.939
5250 262.018
5260 262.096
5270 262.174
5280 262.251
5290 262.328
5300 262.404
5310 262.48
5320 262.556
5330 262.631
5340 262.706
5350 262.78
5360 262.855
5370 262.928
5380 263.001
5390 263.074
5400 263.146
5410 263.218
5420 263.29
5430 263.361
5440 263.432
5450 263.502
5460 263.573
5470 263.642
5480 263.711
5490 263.78
5500 263.849
5510 263.917
5520 263.985
5530 264.052
5540 264.119
5550 264.186
5560 264.252
5570 264.318
5580 264.384
5590 264.449
5600 264.514
5610 264.578
5620 264.642
5630 264.706
5640 264.769
5650 264.832
5660 264.895
5670 264.958
5680 265.02
5690 265.081
5700 265.143
5710 265.204
5720 265.264
5730 265.325
5740 265.385
5750 265.444
5760 265.504
5770 265.563
5780 265.622
5790 265.68
5800 265.738
5810 265.796
5820 265.853
5830 265.91
5840 265.967
5850 266.024
5860 266.08
5870 266.136
5880 266.191
5890 266.247
5900 266.302
5910 266.356
5920 266.411
5930 266.465
5940 266.518
5950 266.572
5960 266.625
5970 266.678
5980 266.73
5990 266.783
6000 266.835
6010 266.886
6020 266.938
6030 266.989
6040 267.04
6050 267.091
6060 267.141
6070 267.191
6080 267.241
6090 267.29
6100 267.339
6110 267.388
6120 267.437
6130 267.486
6140 267.534
6150 267.582
6160 267.629
6170 267.677
6180 267.724
6190 267.77
6200 267.817
6210 267.863
6220 267.909
6230 267.955
6240 268.001
6250 268.046
6260 268.091
6270 268.136
6280 268.181
6290 268.225
6300 268.269
6310 268.313
6320 268.357
6330 268.4
6340 268.443
6350 268.486
6360 268.529
6370 268.571
6380 268.613
6390 268.655
6400 268.697
6410 268.738
6420 268.78
6430 268.821
6440 268.862
6450 268.902
6460 268.942
6470 268.983
6480 269.023
6490 269.062
6500 269.102
6510 269.141
6520 269.18
6530 269.219
6540 269.258
6550 269.296
6560 269.334
6570 269.372
6580 269.41
6590 269.448
6600 269.485
6610 269.522
6620 269.559
6630 269.596
6640 269.632
6650 269.669
6660 269.705
6670 269.741
6680 269.777
6690 269.812
6700 269.848
6710 269.883
6720 269.918
6730 269.952
6740 269.987
6750 270.021
6760 270.056
6770 270.09
6780 270.124
6790 270.157
6800 270.191
6810 270.224
6820 270.257
6830 270.29
6840 270.323
6850 270.355
6860 270.388
6870 270.42
6880 270.452
6890 270.484
6900 270.516
6910 270.547
6920 270.578
6930 270.61
6940 270.64
6950 270.671
6960 270.702
6970 270.732
6980 270.763
6990 270.793
7000 270.823
7010 270.853
7020 270.882
7030 270.912
7040 270.941
7050 270.97
7060 270.999
7070 271.028
7080 271.057
7090 271.085
7100 271.114
7110 271.142
7120 271.17
7130 271.198
7140 271.226
7150 271.253
7160 271.281
7170 271.308
7180 271.335
7190 271.362
7200 271.389
7210 271.416
7220 271.442
7230 271.469
7240 271.495
7250 271.521
7260 271.547
7270 271.573
7280 271.599
7290 271.624
7300 271.65
7310 271.675
7320 271.7
7330 271.725
7340 271.75
7350 271.775
7360 271.799
7370 271.824
7380 271.848
7390 271.872
7400 271.896
7410 271.92
7420 271.944
7430 271.968
7440 271.991
7450 272.015
7460 272.038
7470 272.061
7480 272.084
7490 272.107
7500 272.13
7510 272.152
7520 272.175
7530 272.197
7540 272.219
7550 272.242
7560 272.264
7570 272.285
7580 272.307
7590 272.329
7600 272.35
7610 272.372
7620 272.393
7630 272.414
7640 272.435
7650 272.456
7660 272.477
7670 272.498
7680 272.519
7690 272.539
7700 272.559
7710 272.58
7720 272.6
7730 272.62
7740 272.64
7750 272.66
7760 272.679
7770 272.699
7780 272.719
7790 272.738
7800 272.757
7810 272.777
7820 272.796
7830 272.815
7840 272.833
7850 272.852
7860 272.871
7870 272.889
7880 272.908
7890 272.926
7900 272.945
7910 272.963
7920 272.981
7930 272.999
7940 273.017
7950 273.034
7960 273.052
7970 273.07
7980 273.087
7990 273.104
8000 273.122
8010 273.139
8020 273.156
8030 273.173
8040 273.19
8050 273.207
8060 273.223
8070 273.24
8080 273.257
8090 273.273
8100 273.289
8110 273.306
8120 273.322
8130 273.338
8140 273.354
8150 273.37
8160 273.386
8170 273.401
8180 273.417
8190 273.433
8200 273.448
8210 273.463
8220 273.479
8230 273.494
8240 273.509
8250 273.524
8260 273.539
8270 273.554
8280 273.569
8290 273.584
8300 273.598
8310 273.613
8320 273.627
8330 273.642
8340 273.656
8350 273.67
8360 273.684
8370 273.699
8380 273.713
8390 273.727
8400 273.74
8410 273.754
8420 273.768
8430 273.782
8440 273.795
8450 273.809
8460 273.822
8470 273.835
8480 273.849
8490 273.862
8500 273.875
8510 273.888
8520 273.901
8530 273.914
8540 273.927
8550 273.939
8560 273.952
8570 273.965
8580 273.977
8590 273.99
8600 274.002
8610 274.015
8620 274.027
8630 274.039
8640 274.051
8650 274.063
8660 274.075
8670 274.087
8680 274.099
8690 274.111
8700 274.123
8710 274.134
8720 274.146
8730 274.158
8740 274.169
8750 274.181
8760 274.192
8770 274.203
8780 274.214
8790 274.226
8800 274.237
8810 274.248
8820 274.259
8830 274.27
8840 274.281
8850 274.291
8860 274.302
8870 274.313
8880 274.324
8890 274.334
8900 274.345
8910 274.355
8920 274.366
8930 274.376
8940 274.386
8950 274.396
8960 274.407
8970 274.417
8980 274.427
8990 274.437
9000 274.447
9010 274.457
9020 274.467
9030 274.476
9040 274.486
9050 274.496
9060 274.505
9070 274.515
9080 274.525
9090 274.534
9100 274.543
9110 274.553
9120 274.562
9130 274.571
9140 274.581
9150 274.59
9160 274.599
9170 274.608
9180 274.617
9190 274.626
9200 274.635
9210 274.644
9220 274.653
9230 274.661
9240 274.67
9250 274.679
9260 274.687
9270 274.696
9280 274.705
9290 274.713
9300 274.721
9310 274.73
9320 274.738
9330 274.747
9340 274.755
9350 274.763
9360 274.771
9370 274.779
9380 274.787
9390 274.795
9400 274.803
9410 274.811
9420 274.819
9430 274.827
9440 274.835
9450 274.843
9460 274.85
9470 274.858
9480 274.866
9490 274.873
9500 274.881
9510 274.888
9520 274.896
9530 274.903
9540 274.911
9550 274.918
9560 274.925
9570 274.933
9580 274.94
9590 274.947
9600 274.954
9610 274.961
9620 274.969
9630 274.976
9640 274.983
9650 274.99
9660 274.996
9670 275.003
9680 275.01
9690 275.017
9700 275.024
9710 275.031
9720 275.037
9730 275.044
9740 275.051
9750 275.057
9760 275.064
9770 275.07
9780 275.077
9790 275.083
9800 275.09
9810 275.096
9820 275.102
9830 275.109
9840 275.115
9850 275.121
9860 275.127
9870 275.133
9880 275.14
9890 275.146
9900 275.152
9910 275.158
9920 275.164
9930 275.17
9940 275.176
9950 275.182
9960 275.187
9970 275.193
9980 275.199
9990 275.205
10000 275.211