Perfil de Temperatura via solucao analitica
t =  0 5 50 100 500 750 1000 10000
Point Temperature
0 1.90262 13.1135 24.5557 32.3278 84.6597 111.729 135.31 293.878 
0.0001 1.93462 13.1179 24.5558 32.3279 84.6596 111.729 135.31 293.877 
0.0002 2.03041 13.1312 24.5563 32.3281 84.6592 111.728 135.309 293.875 
0.0003 2.18939 13.1532 24.557 32.3284 84.6585 111.727 135.308 293.871 
0.0004 2.41056 13.184 24.5581 32.3289 84.6575 111.726 135.305 293.865 
0.0005 2.69253 13.2234 24.5595 32.3295 84.6563 111.723 135.303 293.857 
0.0006 3.03353 13.2713 24.5612 32.3302 84.6547 111.721 135.299 293.848 
0.0007 3.43141 13.3276 24.5631 32.331 84.653 111.718 135.295 293.838 
0.0008 3.8837 13.392 24.5654 32.332 84.6509 111.715 135.291 293.825 
0.0009 4.38757 13.4643 24.568 32.3332 84.6486 111.711 135.286 293.811 
0.001 4.9399 13.5444 24.5709 32.3344 84.6459 111.706 135.28 293.795 
0.0011 5.53725 13.6319 24.5741 32.3358 84.643 111.702 135.273 293.778 
0.0012 6.17596 13.7265 24.5776 32.3373 84.6399 111.696 135.266 293.759 
0.0013 6.85209 13.8281 24.5814 32.339 84.6364 111.691 135.259 293.738 
0.0014 7.56152 13.9362 24.5855 32.3408 84.6327 111.685 135.25 293.716 
0.0015 8.29996 14.0505 24.5898 32.3427 84.6287 111.678 135.242 293.692 
0.0016 9.06294 14.1707 24.5945 32.3447 84.6244 111.671 135.232 293.666 
0.0017 9.84591 14.2963 24.5995 32.3469 84.6199 111.663 135.222 293.638 
0.0018 10.6442 14.4271 24.6048 32.3492 84.6151 111.655 135.211 293.609 
0.0019 11.4532 14.5626 24.6103 32.3516 84.61 111.647 135.2 293.579 
0.002 12.2681 14.7024 24.6162 32.3542 84.6046 111.638 135.188 293.546 
0.0021 13.0842 14.8462 24.6223 32.3569 84.5989 111.629 135.176 293.512 
0.0022 13.897 14.9934 24.6287 32.3597 84.593 111.619 135.162 293.477 
0.0023 14.7019 15.1436 24.6354 32.3626 84.5868 111.609 135.149 293.439 
0.0024 15.4944 15.2966 24.6424 32.3657 84.5803 111.598 135.134 293.4 
0.0025 16.2703 15.4518 24.6497 32.3689 84.5735 111.587 135.119 293.36 
0.0026 17.0254 15.6087 24.6572 32.3722 84.5665 111.575 135.104 293.317 
0.0027 17.7559 15.7671 24.665 32.3757 84.5592 111.563 135.088 293.273 
0.0028 18.4581 15.9265 24.6731 32.3793 84.5516 111.551 135.071 293.228 
0.0029 19.1286 16.0865 24.6815 32.383 84.5437 111.538 135.053 293.18 
0.003 19.7642 16.2467 24.6901 32.3868 84.5355 111.524 135.035 293.132 
0.0031 20.3621 16.4066 24.699 32.3907 84.5271 111.51 135.017 293.081 
0.0032 20.9197 16.5661 24.7082 32.3948 84.5184 111.496 134.997 293.029 
0.0033 21.4349 16.7246 24.7176 32.399 84.5094 111.481 134.977 292.975 
0.0034 21.9058 16.8818 24.7272 32.4033 84.5001 111.466 134.957 292.919 
0.0035 22.3308 17.0375 24.7372 32.4077 84.4905 111.45 134.936 292.862 
0.0036 22.7088 17.1912 24.7474 32.4122 84.4807 111.434 134.914 292.803 
0.0037 23.0391 17.3428 24.7578 32.4169 84.4706 111.417 134.892 292.742 
0.0038 23.321 17.4919 24.7685 32.4217 84.4602 111.4 134.869 292.68 
0.0039 23.5547 17.6382 24.7794 32.4266 84.4495 111.382 134.845 292.616 
0.004 23.7402 17.7816 24.7906 32.4316 84.4385 111.364 134.821 292.551 
0.0041 23.8782 17.9218 24.802 32.4367 84.4273 111.346 134.796 292.484 
0.0042 23.9697 18.0586 24.8136 32.442 84.4157 111.327 134.771 292.415 
0.0043 24.0159 18.1918 24.8255 32.4473 84.4039 111.307 134.745 292.344 
0.0044 24.0183 18.3213 24.8376 32.4528 84.3918 111.287 134.718 292.272 
0.0045 23.9789 18.447 24.8499 32.4584 84.3794 111.267 134.691 292.198 
0.0046 23.8997 18.5686 24.8624 32.4641 84.3668 111.246 134.663 292.123 
0.0047 23.7831 18.6862 24.8752 32.4699 84.3538 111.225 134.634 292.046 
0.0048 23.6317 18.7996 24.8882 32.4758 84.3406 111.203 134.605 291.967 
0.0049 23.4483 18.9088 24.9013 32.4818 84.327 111.181 134.575 291.886 
0.005 23.2358 19.0138 24.9147 32.4879 84.3132 111.158 134.545 291.804 
0.0051 22.9974 19.1145 24.9283 32.4942 84.2991 111.135 134.514 291.72 
0.0052 22.7363 19.2109 24.9421 32.5005 84.2847 111.112 134.482 291.635 
0.0053 22.4558 19.303 24.9561 32.5069 84.2701 111.087 134.45 291.548 
0.0054 22.1594 19.3909 24.9703 32.5135 84.2551 111.063 134.417 291.459 
0.0055 21.8504 19.4746 24.9847 32.5201 84.2399 111.038 134.384 291.369 
0.0056 21.5322 19.5542 24.9993 32.5268 84.2243 111.012 134.35 291.276 
0.0057 21.2083 19.6297 25.014 32.5337 84.2085 110.986 134.315 291.183 
0.0058 20.882 19.7012 25.0289 32.5406 84.1924 110.96 134.279 291.087 
0.0059 20.5567 19.7688 25.044 32.5476 84.1759 110.933 134.244 290.99 
0.006 20.2354 19.8327 25.0593 32.5548 84.1592 110.906 134.207 290.892 
0.0061 19.9212 19.8929 25.0747 32.562 84.1423 110.878 134.17 290.791 
0.0062 19.617 19.9495 25.0903 32.5693 84.125 110.85 134.132 290.689 
0.0063 19.3256 20.0027 25.1061 32.5767 84.1074 110.821 134.093 290.585 
0.0064 19.0495 20.0526 25.122 32.5842 84.0895 110.792 134.054 290.48 
0.0065 18.7909 20.0993 25.1381 32.5918 84.0713 110.762 134.015 290.373 
0.0066 18.5521 20.143 25.1543 32.5995 84.0529 110.732 133.974 290.264 
0.0067 18.3348 20.1839 25.1707 32.6072 84.0341 110.701 133.933 290.154 
0.0068 18.1407 20.222 25.1872 32.6151 84.0151 110.67 133.892 290.042 
0.0069 17.971 20.2575 25.2039 32.623 83.9957 110.638 133.849 289.928 
0.007 17.827 20.2905 25.2207 32.631 83.9761 110.606 133.807 289.813 
0.0071 17.7094 20.3213 25.2376 32.6391 83.9561 110.574 133.763 289.696 
0.0072 17.6187 20.3498 25.2546 32.6472 83.9359 110.541 133.719 289.577 
0.0073 17.5553 20.3764 25.2718 32.6555 83.9153 110.507 133.674 289.457 
0.0074 17.519 20.401 25.2891 32.6638 83.8945 110.473 133.629 289.335 
0.0075 17.5098 20.4239 25.3065 32.6722 83.8733 110.439 133.583 289.211 
0.0076 17.527 20.4451 25.324 32.6807 83.8519 110.404 133.536 289.086 
0.0077 17.5698 20.4648 25.3416 32.6892 83.8301 110.369 133.489 288.959 
0.0078 17.6374 20.483 25.3593 32.6978 83.8081 110.333 133.441 288.831 
0.0079 17.7284 20.5 25.3771 32.7065 83.7857 110.296 133.393 288.7 
0.008 17.8415 20.5157 25.3951 32.7152 83.7631 110.26 133.343 288.569 
0.0081 17.9751 20.5303 25.4131 32.724 83.7401 110.222 133.294 288.435 
0.0082 18.1273 20.544 25.4312 32.7329 83.7168 110.184 133.243 288.3 
0.0083 18.2963 20.5566 25.4494 32.7418 83.6933 110.146 133.192 288.163 
0.0084 18.48 20.5684 25.4677 32.7508 83.6694 110.107 133.141 288.024 
0.0085 18.6763 20.5795 25.486 32.7599 83.6452 110.068 133.088 287.884 
0.0086 18.8828 20.5897 25.5045 32.769 83.6207 110.028 133.035 287.742 
0.0087 19.0974 20.5994 25.523 32.7782 83.5959 109.988 132.982 287.599 
0.0088 19.3176 20.6084 25.5416 32.7874 83.5708 109.947 132.927 287.453 
0.0089 19.5411 20.6168 25.5602 32.7967 83.5453 109.906 132.873 287.307 
0.009 19.7655 20.6247 25.5789 32.806 83.5196 109.865 132.817 287.158 
0.0091 19.9886 20.6321 25.5977 32.8154 83.4935 109.822 132.761 287.008 
0.0092 20.208 20.6391 25.6165 32.8248 83.4672 109.78 132.704 286.856 
0.0093 20.4215 20.6456 25.6354 32.8343 83.4405 109.737 132.647 286.703 
0.0094 20.6272 20.6517 25.6543 32.8438 83.4135 109.693 132.589 286.547 
0.0095 20.8229 20.6574 25.6733 32.8533 83.3862 109.649 132.53 286.391 
0.0096 21.0067 20.6627 25.6923 32.8629 83.3585 109.604 132.47 286.232 
0.0097 21.1771 20.6677 25.7114 32.8726 83.3306 109.559 132.41 286.072 
0.0098 21.3324 20.6724 25.7305 32.8822 83.3023 109.514 132.35 285.91 
0.0099 21.4712 20.6767 25.7496 32.8919 83.2737 109.467 132.289 285.747 
0.01 21.5924 20.6806 25.7688 32.9017 83.2448 109.421 132.227 285.582 
0.0101 21.695 20.6843 25.788 32.9114 83.2156 109.374 132.164 285.415 
0.0102 21.7781 20.6876 25.8072 32.9212 83.186 109.326 132.101 285.247 
0.0103 21.8411 20.6906 25.8264 32.9311 83.1562 109.278 132.037 285.076 
0.0104 21.8838 20.6933 25.8457 32.9409 83.126 109.23 131.972 284.905 
0.0105 21.9058 20.6957 25.865 32.9508 83.0954 109.181 131.907 284.731 
0.0106 21.9073 20.6977 25.8843 32.9607 83.0646 109.131 131.841 284.556 
0.0107 21.8884 20.6995 25.9036 32.9706 83.0334 109.081 131.775 284.38 
0.0108 21.8497 20.701 25.9229 32.9805 83.0019 109.03 131.708 284.201 
0.0109 21.7918 20.7023 25.9422 32.9905 82.9701 108.979 131.64 284.021 
0.011 21.7154 20.7032 25.9616 33.0004 82.9379 108.928 131.572 283.839 
0.0111 21.6217 20.7039 25.9809 33.0104 82.9054 108.876 131.503 283.656 
0.0112 21.5118 20.7044 26.0002 33.0204 82.8726 108.823 131.433 283.471 
0.0113 21.3871 20.7046 26.0196 33.0304 82.8394 108.77 131.363 283.284 
0.0114 21.2489 20.7045 26.0389 33.0404 82.8059 108.716 131.291 283.096 
0.0115 21.0988 20.7043 26.0582 33.0504 82.7721 108.662 131.22 282.906 
0.0116 20.9387 20.7038 26.0775 33.0604 82.7379 108.608 131.147 282.714 
0.0117 20.7702 20.7032 26.0968 33.0704 82.7034 108.553 131.074 282.521 
0.0118 20.5951 20.7024 26.1161 33.0804 82.6686 108.497 131.001 282.326 
0.0119 20.4155 20.7015 26.1354 33.0904 82.6334 108.441 130.926 282.129 
0.012 20.2331 20.7004 26.1546 33.1004 82.5979 108.384 130.851 281.931 
0.0121 20.05 20.6993 26.1739 33.1104 82.562 108.327 130.776 281.731 
0.0122 19.868 20.698 26.1931 33.1204 82.5258 108.269 130.7 281.53 
0.0123 19.6891 20.6967 26.2123 33.1304 82.4892 108.211 130.623 281.326 
0.0124 19.5151 20.6954 26.2314 33.1403 82.4523 108.152 130.545 281.121 
0.0125 19.3477 20.694 26.2506 33.1503 82.4151 108.093 130.467 280.915 
0.0126 19.1888 20.6926 26.2697 33.1602 82.3775 108.034 130.388 280.707 
0.0127 19.0398 20.6912 26.2887 33.1701 82.3396 107.973 130.308 280.497 
0.0128 18.9023 20.6899 26.3078 33.18 82.3013 107.913 130.228 280.285 
0.0129 18.7776 20.6886 26.3268 33.1898 82.2626 107.851 130.147 280.072 
0.013 18.667 20.6874 26.3458 33.1996 82.2237 107.789 130.065 279.857 
0.0131 18.5714 20.6863 26.3647 33.2094 82.1843 107.727 129.983 279.64 
0.0132 18.4919 20.6853 26.3836 33.2192 82.1446 107.664 129.9 279.422 
0.0133 18.4291 20.6843 26.4024 33.2289 82.1046 107.601 129.816 279.202 
0.0134 18.3836 20.6836 26.4212 33.2386 82.0642 107.537 129.732 278.981 
0.0135 18.3557 20.6829 26.44 33.2483 82.0234 107.473 129.647 278.758 
0.0136 18.3457 20.6824 26.4587 33.2579 81.9823 107.408 129.561 278.533 
0.0137 18.3535 20.682 26.4774 33.2675 81.9408 107.342 129.475 278.306 
0.0138 18.3789 20.6818 26.496 33.277 81.8989 107.276 129.388 278.078 
0.0139 18.4217 20.6818 26.5146 33.2865 81.8567 107.21 129.3 277.848 
0.014 18.4812 20.6819 26.5331 33.2959 81.8141 107.142 129.212 277.617 
0.0141 18.5568 20.6821 26.5516 33.3053 81.7712 107.075 129.123 277.384 
0.0142 18.6475 20.6825 26.57 33.3146 81.7279 107.007 129.033 277.149 
0.0143 18.7523 20.6831 26.5883 33.3239 81.6842 106.938 128.943 276.912 
0.0144 18.8701 20.6838 26.6066 33.3331 81.6402 106.869 128.852 276.674 
0.0145 18.9996 20.6846 26.6248 33.3423 81.5958 106.799 128.76 276.434 
0.0146 19.1393 20.6855 26.643 33.3514 81.551 106.729 128.667 276.193 
0.0147 19.2878 20.6865 26.6611 33.3604 81.5058 106.658 128.574 275.95 
0.0148 19.4434 20.6876 26.6792 33.3694 81.4603 106.587 128.48 275.705 
0.0149 19.6044 20.6888 26.6972 33.3783 81.4144 106.515 128.386 275.459 
0.015 19.7692 20.69 26.7151 33.3871 81.3681 106.442 128.291 275.211 
0.0151 19.936 20.6913 26.7329 33.3959 81.3214 106.369 128.195 274.961 
0.0152 20.103 20.6927 26.7507 33.4046 81.2744 106.296 128.098 274.709 
0.0153 20.2684 20.694 26.7684 33.4132 81.227 106.222 128.001 274.456 
0.0154 20.4305 20.6953 26.7861 33.4217 81.1792 106.147 127.903 274.202 
0.0155 20.5876 20.6966 26.8036 33.4301 81.131 106.072 127.804 273.945 
0.0156 20.738 20.6979 26.8211 33.4385 81.0824 105.996 127.705 273.687 
0.0157 20.8802 20.6991 26.8386 33.4467 81.0334 105.92 127.605 273.428 
0.0158 21.0126 20.7003 26.8559 33.4549 80.9841 105.843 127.504 273.166 
0.0159 21.1338 20.7014 26.8732 33.463 80.9343 105.766 127.403 272.903 
0.016 21.2426 20.7024 26.8904 33.471 80.8842 105.688 127.301 272.638 
0.0161 21.3378 20.7032 26.9075 33.4789 80.8337 105.609 127.198 272.372 
0.0162 21.4184 20.704 26.9245 33.4867 80.7828 105.53 127.094 272.104 
0.0163 21.4836 20.7047 26.9415 33.4944 80.7314 105.45 126.99 271.834 
0.0164 21.5327 20.7052 26.9584 33.5019 80.6797 105.37 126.885 271.563 
0.0165 21.5651 20.7056 26.9751 33.5094 80.6276 105.289 126.78 271.29 
0.0166 21.5805 20.7058 26.9918 33.5168 80.5751 105.208 126.673 271.016 
0.0167 21.5788 20.7059 27.0085 33.5241 80.5222 105.126 126.566 270.739 
0.0168 21.5599 20.7059 27.025 33.5312 80.4689 105.044 126.458 270.461 
0.0169 21.5239 20.7057 27.0414 33.5382 80.4152 104.961 126.35 270.182 
0.017 21.4714 20.7054 27.0578 33.5452 80.3611 104.877 126.241 269.9 
0.0171 21.4028 20.705 27.074 33.5519 80.3065 104.793 126.131 269.617 
0.0172 21.3188 20.7044 27.0902 33.5586 80.2516 104.708 126.02 269.333 
0.0173 21.2203 20.7038 27.1062 33.5652 80.1963 104.623 125.909 269.047 
0.0174 21.1084 20.703 27.1222 33.5716 80.1405 104.537 125.797 268.759 
0.0175 20.984 20.7021 27.138 33.5779 80.0843 104.451 125.684 268.469 
0.0176 20.8487 20.7012 27.1538 33.584 80.0277 104.364 125.571 268.178 
0.0177 20.7038 20.7002 27.1695 33.59 79.9707 104.276 125.457 267.885 
0.0178 20.5507 20.6992 27.185 33.5959 79.9133 104.188 125.342 267.59 
0.0179 20.3912 20.6981 27.2005 33.6016 79.8555 104.099 125.226 267.294 
0.018 20.2268 20.6971 27.2158 33.6072 79.7972 104.01 125.11 266.996 
0.0181 20.0594 20.696 27.2311 33.6127 79.7385 103.92 124.993 266.697 
0.0182 19.8908 20.6949 27.2462 33.618 79.6794 103.83 124.875 266.395 
0.0183 19.7226 20.6939 27.2612 33.6231 79.6199 103.739 124.757 266.093 
0.0184 19.5567 20.693 27.2761 33.6281 79.5599 103.647 124.637 265.788 
0.0185 19.395 20.6921 27.2909 33.633 79.4995 103.555 124.517 265.482 
0.0186 19.239 20.6914 27.3056 33.6377 79.4387 103.462 124.397 265.174 
0.0187 19.0907 20.6907 27.3202 33.6422 79.3774 103.369 124.275 264.865 
0.0188 18.9515 20.6902 27.3346 33.6465 79.3158 103.275 124.153 264.553 
0.0189 18.823 20.6898 27.3489 33.6507 79.2536 103.18 124.03 264.241 
0.019 18.7068 20.6896 27.3631 33.6548 79.1911 103.085 123.907 263.926 
0.0191 18.604 20.6896 27.3772 33.6586 79.1281 102.989 123.782 263.61 
0.0192 18.5158 20.6897 27.3911 33.6623 79.0646 102.892 123.657 263.292 
0.0193 18.4434 20.6901 27.4049 33.6658 79.0007 102.795 123.532 262.973 
0.0194 18.3876 20.6907 27.4186 33.6691 78.9364 102.698 123.405 262.652 
0.0195 18.3492 20.6915 27.4321 33.6723 78.8716 102.6 123.278 262.329 
0.0196 18.3286 20.6925 27.4455 33.6753 78.8064 102.501 123.15 262.004 
0.0197 18.3263 20.6938 27.4588 33.678 78.7407 102.401 123.021 261.678 
0.0198 18.3423 20.6954 27.4719 33.6806 78.6746 102.301 122.891 261.35 
0.0199 18.3768 20.6973 27.4849 33.683 78.608 102.201 122.761 261.021 
0.02 18.4295 20.6994 27.4977 33.6852 78.541 102.1 122.63 260.69 
0.0201 18.5 20.7018 27.5104 33.6873 78.4735 101.998 122.498 260.357 
0.0202 18.5876 20.7045 27.5229 33.6891 78.4055 101.895 122.366 260.023 
0.0203 18.6917 20.7075 27.5353 33.6907 78.3371 101.792 122.233 259.687 
0.0204 18.8113 20.7108 27.5475 33.6921 78.2683 101.688 122.099 259.349 
0.0205 18.9453 20.7145 27.5596 33.6933 78.1989 101.584 121.964 259.01 
0.0206 19.0923 20.7185 27.5715 33.6943 78.1291 101.479 121.828 258.669 
0.0207 19.2509 20.7228 27.5833 33.6951 78.0589 101.374 121.692 258.326 
0.0208 19.4196 20.7275 27.5948 33.6956 77.9881 101.267 121.555 257.982 
0.0209 19.5967 20.7326 27.6062 33.696 77.9169 101.161 121.417 257.635 
0.021 19.7804 20.7381 27.6175 33.6961 77.8452 101.053 121.279 257.288 
0.0211 19.9687 20.744 27.6285 33.696 77.7731 100.945 121.14 256.938 
0.0212 20.1598 20.7504 27.6394 33.6957 77.7005 100.837 121 256.587 
0.0213 20.3515 20.7572 27.6501 33.6952 77.6273 100.727 120.859 256.235 
0.0214 20.542 20.7645 27.6607 33.6944 77.5538 100.617 120.717 255.88 
0.0215 20.729 20.7723 27.671 33.6934 77.4797 100.507 120.575 255.524 
0.0216 20.9105 20.7807 27.6812 33.6921 77.4051 100.395 120.432 255.167 
0.0217 21.0845 20.7897 27.6911 33.6906 77.3301 100.284 120.288 254.807 
0.0218 21.2491 20.7994 27.7009 33.6889 77.2546 100.171 120.143 254.447 
0.0219 21.4023 20.8097 27.7104 33.687 77.1785 100.058 119.998 254.084 
0.022 21.5422 20.8208 27.7198 33.6847 77.102 99.9442 119.851 253.72 
0.0221 21.6673 20.8327 27.729 33.6823 77.025 99.8298 119.704 253.354 
0.0222 21.7758 20.8455 27.7379 33.6796 76.9475 99.7147 119.557 252.986 
0.0223 21.8663 20.8592 27.7467 33.6766 76.8695 99.599 119.408 252.617 
0.0224 21.9377 20.8739 27.7552 33.6734 76.791 99.4826 119.259 252.246 
0.0225 21.9886 20.8896 27.7635 33.6699 76.712 99.3656 119.109 251.873 
0.0226 22.0183 20.9065 27.7716 33.6662 76.6325 99.248 118.958 251.499 
0.0227 22.026 20.9247 27.7794 33.6621 76.5525 99.1296 118.806 251.123 
0.0228 22.0112 20.9441 27.7871 33.6579 76.472 99.0107 118.654 250.746 
0.0229 21.9736 20.965 27.7945 33.6533 76.391 98.891 118.5 250.366 
0.023 21.9132 20.9874 27.8017 33.6485 76.3095 98.7707 118.346 249.985 
0.0231 21.8301 21.0113 27.8086 33.6434 76.2274 98.6498 118.192 249.603 
0.0232 21.7247 21.0369 27.8153 33.638 76.1449 98.5282 118.036 249.219 
0.0233 21.5977 21.0643 27.8217 33.6324 76.0618 98.4059 117.88 248.833 
0.0234 21.45 21.0936 27.8279 33.6264 75.9782 98.2829 117.722 248.445 
0.0235 21.2825 21.1248 27.8339 33.6202 75.8941 98.1593 117.564 248.056 
0.0236 21.0968 21.1581 27.8396 33.6137 75.8094 98.0351 117.406 247.665 
0.0237 20.8942 21.1935 27.845 33.6069 75.7243 97.9101 117.246 247.273 
0.0238 20.6766 21.2312 27.8502 33.5998 75.6386 97.7845 117.086 246.878 
0.0239 20.4458 21.2712 27.8551 33.5924 75.5524 97.6582 116.924 246.483 
0.024 20.204 21.3137 27.8597 33.5847 75.4656 97.5312 116.762 246.085 
0.0241 19.9534 21.3586 27.864 33.5766 75.3783 97.4035 116.6 245.686 
0.0242 19.6965 21.4061 27.8681 33.5683 75.2905 97.2752 116.436 245.285 
0.0243 19.4358 21.4563 27.8719 33.5597 75.2021 97.1462 116.272 244.883 
0.0244 19.1739 21.5092 27.8754 33.5508 75.1132 97.0165 116.106 244.478 
0.0245 18.9136 21.5649 27.8786 33.5415 75.0238 96.8861 115.94 244.073 
0.0246 18.6576 21.6234 27.8816 33.532 74.9338 96.755 115.773 243.665 
0.0247 18.4089 21.6847 27.8842 33.5221 74.8433 96.6232 115.606 243.256 
0.0248 18.1701 21.749 27.8865 33.5119 74.7522 96.4908 115.437 242.845 
0.0249 17.9442 21.8161 27.8885 33.5013 74.6606 96.3576 115.268 242.433 
0.025 17.734 21.8862 27.8902 33.4905 74.5684 96.2238 115.098 242.019 
0.0251 17.5422 21.9592 27.8916 33.4793 74.4757 96.0892 114.927 241.603 
0.0252 17.3713 22.0351 27.8927 33.4678 74.3824 95.954 114.755 241.186 
0.0253 17.2241 22.1138 27.8935 33.4559 74.2885 95.8181 114.583 240.766 
0.0254 17.1028 22.1954 27.8939 33.4437 74.1941 95.6814 114.409 240.346 
0.0255 17.0097 22.2797 27.894 33.4311 74.0991 95.5441 114.235 239.923 
0.0256 16.9469 22.3668 27.8938 33.4183 74.0036 95.406 114.06 239.499 
0.0257 16.9163 22.4564 27.8933 33.405 73.9075 95.2672 113.884 239.073 
0.0258 16.9195 22.5485 27.8924 33.3914 73.8108 95.1278 113.707 238.646 
0.0259 16.958 22.6431 27.8911 33.3775 73.7135 94.9876 113.529 238.217 
0.026 17.0329 22.7399 27.8895 33.3632 73.6157 94.8467 113.351 237.786 
0.0261 17.1452 22.8388 27.8876 33.3485 73.5173 94.7051 113.172 237.354 
0.0262 17.2954 22.9396 27.8853 33.3335 73.4183 94.5627 112.992 236.92 
0.0263 17.484 23.0423 27.8826 33.3181 73.3188 94.4197 112.811 236.484 
0.0264 17.7109 23.1465 27.8796 33.3024 73.2186 94.2759 112.629 236.047 
0.0265 17.9761 23.2521 27.8762 33.2862 73.1179 94.1314 112.446 235.608 
0.0266 18.2789 23.3589 27.8725 33.2697 73.0166 93.9862 112.263 235.167 
0.0267 18.6184 23.4666 27.8683 33.2529 72.9147 93.8402 112.079 234.725 
0.0268 18.9937 23.575 27.8638 33.2356 72.8122 93.6935 111.893 234.281 
0.0269 19.4032 23.6839 27.8589 33.218 72.7091 93.5461 111.707 233.835 
0.027 19.8453 23.7929 27.8537 33.2 72.6054 93.398 111.52 233.388 
0.0271 20.318 23.9018 27.848 33.1815 72.5011 93.2491 111.333 232.939 
0.0272 20.819 24.0104 27.8419 33.1627 72.3962 93.0995 111.144 232.488 
0.0273 21.3458 24.1183 27.8355 33.1435 72.2907 92.9491 110.955 232.036 
0.0274 21.8957 24.2253 27.8286 33.124 72.1846 92.798 110.764 231.582 
0.0275 22.4658 24.3309 27.8213 33.104 72.0779 92.6462 110.573 231.126 
0.0276 23.0529 24.4351 27.8137 33.0836 71.9706 92.4936 110.381 230.669 
0.0277 23.6538 24.5373 27.8056 33.0628 71.8627 92.3402 110.188 230.21 
0.0278 24.2649 24.6374 27.7971 33.0416 71.7541 92.1861 109.995 229.749 
0.0279 24.8827 24.735 27.7882 33.02 71.645 92.0313 109.8 229.287 
0.028 25.5034 24.8298 27.7788 32.9979 71.5352 91.8757 109.604 228.823 
0.0281 26.1234 24.9215 27.7691 32.9755 71.4248 91.7194 109.408 228.358 
0.0282 26.7388 25.0098 27.7589 32.9526 71.3138 91.5622 109.211 227.89 
0.0283 27.3458 25.0945 27.7482 32.9293 71.2021 91.4044 109.013 227.421 
0.0284 27.9406 25.1751 27.7372 32.9056 71.0898 91.2458 108.814 226.951 
0.0285 28.5194 25.2515 27.7257 32.8815 70.9769 91.0864 108.614 226.479 
0.0286 29.0785 25.3234 27.7137 32.8569 70.8634 90.9262 108.413 226.005 
0.0287 29.6143 25.3906 27.7013 32.8319 70.7492 90.7653 108.211 225.529 
0.0288 30.1233 25.4527 27.6885 32.8064 70.6344 90.6036 108.009 225.052 
0.0289 30.6022 25.5096 27.6752 32.7805 70.5189 90.4411 107.805 224.573 
0.029 31.0479 25.561 27.6614 32.7542 70.4028 90.2779 107.601 224.093 
0.0291 31.4573 25.6067 27.6472 32.7274 70.286 90.1138 107.396 223.61 
0.0292 31.8277 25.6466 27.6325 32.7002 70.1686 89.949 107.19 223.126 
0.0293 32.1566 25.6805 27.6174 32.6725 70.0506 89.7835 106.983 222.641 
0.0294 32.4418 25.7083 27.6018 32.6444 69.9319 89.6171 106.775 222.154 
0.0295 32.6814 25.7298 27.5857 32.6158 69.8125 89.4499 106.566 221.665 
0.0296 32.8736 25.7449 27.5691 32.5867 69.6925 89.282 106.356 221.174 
0.0297 33.0171 25.7535 27.5521 32.5572 69.5718 89.1133 106.146 220.682 
0.0298 33.111 25.7556 27.5345 32.5272 69.4504 88.9438 105.934 220.188 
0.0299 33.1543 25.7512 27.5165 32.4968 69.3284 88.7734 105.722 219.693 
0.03 33.1469 25.7401 27.498 32.4658 69.2058 88.6023 105.508 219.196 
