Perfil de Temperatura via solucao analitica
t X0 X1 X2 X3 X4 X5 X6 X7 X8 X9 X10 X11 X12
- 0 0.0025 0.005 0.0075 0.01 0.0125 0.015 0.0175 0.02 0.0225 0.025 0.0275 0.03
0 286.888 295.274 290.437 292.415 292.934 286.614 273.969 265.124 261.078 247.565 237.748 232.465 226.273
0.1 295.856 295.251 293.451 290.505 286.478 281.447 275.48 268.623 260.893 252.275 242.721 232.164 220.529
0.2 295.468 294.901 293.209 290.417 286.564 281.688 275.829 269.011 261.244 252.519 242.81 232.08 220.289
0.3 295.256 294.71 293.076 290.37 286.61 281.82 276.02 269.223 261.436 252.652 242.858 232.034 220.158
0.4 295.14 294.605 293.004 290.344 286.636 281.892 276.124 269.339 261.54 252.725 242.885 232.009 220.086
0.5 295.076 294.548 292.964 290.33 286.65 281.932 276.181 269.403 261.598 252.765 242.899 231.996 220.047
0.6 295.042 294.517 292.943 290.322 286.657 281.953 276.212 269.437 261.629 252.786 242.907 231.988 220.026
0.7 295.023 294.5 292.931 290.318 286.662 281.965 276.229 269.456 261.646 252.798 242.911 231.984 220.014
0.8 295.012 294.49 292.924 290.315 286.664 281.971 276.239 269.467 261.655 252.805 242.914 231.982 220.008
0.9 295.007 294.485 292.921 290.314 286.665 281.975 276.244 269.472 261.661 252.808 242.915 231.981 220.004
1 295.004 294.483 292.919 290.313 286.666 281.977 276.247 269.475 261.663 252.81 242.916 231.98 220.002
1.1 295.002 294.481 292.918 290.313 286.666 281.978 276.248 269.477 261.665 252.811 242.916 231.98 220.001
1.2 295.001 294.48 292.917 290.313 286.666 281.978 276.249 269.478 261.666 252.812 242.916 231.979 220.001
1.3 295.001 294.48 292.917 290.313 286.667 281.979 276.249 269.479 261.666 252.812 242.917 231.979 220
1.4 295 294.479 292.917 290.313 286.667 281.979 276.25 269.479 261.666 252.812 242.917 231.979 220
1.5 295 294.479 292.917 290.313 286.667 281.979 276.25 269.479 261.667 252.812 242.917 231.979 220
1.6 295 294.479 292.917 290.313 286.667 281.979 276.25 269.479 261.667 252.812 242.917 231.979 220
1.7 295 294.479 292.917 290.313 286.667 281.979 276.25 269.479 261.667 252.812 242.917 231.979 220
1.8 295 294.479 292.917 290.313 286.667 281.979 276.25 269.479 261.667 252.812 242.917 231.979 220
1.9 295 294.479 292.917 290.313 286.667 281.979 276.25 269.479 261.667 252.812 242.917 231.979 220
2 295 294.479 292.917 290.313 286.667 281.979 276.25 269.479 261.667 252.812 242.917 231.979 220
2.1 295 294.479 292.917 290.313 286.667 281.979 276.25 269.479 261.667 252.812 242.917 231.979 220
2.2 295 294.479 292.917 290.313 286.667 281.979 276.25 269.479 261.667 252.812 242.917 231.979 220
2.3 295 294.479 292.917 290.313 286.667 281.979 276.25 269.479 261.667 252.812 242.917 231.979 220
2.4 295 294.479 292.917 290.313 286.667 281.979 276.25 269.479 261.667 252.812 242.917 231.979 220
2.5 295 294.479 292.917 290.313 286.667 281.979 276.25 269.479 261.667 252.812 242.917 231.979 220
2.6 295 294.479 292.917 290.313 286.667 281.979 276.25 269.479 261.667 252.812 242.917 231.979 220
2.7 295 294.479 292.917 290.313 286.667 281.979 276.25 269.479 261.667 252.812 242.917 231.979 220
2.8 295 294.479 292.917 290.313 286.667 281.979 276.25 269.479 261.667 252.812 242.917 231.979 220
2.9 295 294.479 292.917 290.313 286.667 281.979 276.25 269.479 261.667 252.812 242.917 231.979 220
3 295 294.479 292.917 290.313 286.667 281.979 276.25 269.479 261.667 252.812 242.917 231.979 220
3.1 295 294.479 292.917 290.313 286.667 281.979 276.25 269.479 261.667 252.812 242.917 231.979 220
3.2 295 294.479 292.917 290.313 286.667 281.979 276.25 269.479 261.667 252.812 242.917 231.979 220
3.3 295 294.479 292.917 290.313 286.667 281.979 276.25 269.479 261.667 252.812 242.917 231.979 220
3.4 295 294.479 292.917 290.313 286.667 281.979 276.25 269.479 261.667 252.812 242.917 231.979 220
3.5 295 294.479 292.917 290.313 286.667 281.979 276.25 269.479 261.667 252.812 242.917 231.979 220
3.6 295 294.479 292.917 290.313 286.667 281.979 276.25 269.479 261.667 252.812 242.917 231.979 220
3.7 295 294.479 292.917 290.313 286.667 281.979 276.25 269.479 261.667 252.812 242.917 231.979 220
3.8 295 294.479 292.917 290.313 286.667 281.979 276.25 269.479 261.667 252.812 242.917 231.979 220
3.9 295 294.479 292.917 290.313 286.667 281.979 276.25 269.479 261.667 252.812 242.917 231.979 220
4 295 294.479 292.917 290.313 286.667 281.979 276.25 269.479 261.667 252.812 242.917 231.979 220
4.1 295 294.479 292.917 290.313 286.667 281.979 276.25 269.479 261.667 252.812 242.917 231.979 220
4.2 295 294.479 292.917 290.313 286.667 281.979 276.25 269.479 261.667 252.812 242.917 231.979 220
4.3 295 294.479 292.917 290.313 286.667 281.979 276.25 269.479 261.667 252.812 242.917 231.979 220
4.4 295 294.479 292.917 290.313 286.667 281.979 276.25 269.479 261.667 252.812 242.917 231.979 220
4.5 295 294.479 292.917 290.313 286.667 281.979 276.25 269.479 261.667 252.812 242.917 231.979 220
4.6 295 294.479 292.917 290.313 286.667 281.979 276.25 269.479 261.667 252.812 242.917 231.979 220
4.7 295 294.479 292.917 290.313 286.667 281.979 276.25 269.479 261.667 252.812 242.917 231.979 220
4.8 295 294.479 292.917 290.313 286.667 281.979 276.25 269.479 261.667 252.812 242.917 231.979 220
4.9 295 294.479 292.917 290.313 286.667 281.979 276.25 269.479 261.667 252.812 242.917 231.979 220
5 295 294.479 292.917 290.312 286.667 281.979 276.25 269.479 261.667 252.812 242.917 231.979 220
5.1 295 294.479 292.917 290.312 286.667 281.979 276.25 269.479 261.667 252.812 242.917 231.979 220
5.2 295 294.479 292.917 290.312 286.667 281.979 276.25 269.479 261.667 252.812 242.917 231.979 220
5.3 295 294.479 292.917 290.312 286.667 281.979 276.25 269.479 261.667 252.812 242.917 231.979 220
5.4 295 294.479 292.917 290.312 286.667 281.979 276.25 269.479 261.667 252.812 242.917 231.979 220
5.5 295 294.479 292.917 290.312 286.667 281.979 276.25 269.479 261.667 252.812 242.917 231.979 220
5.6 295 294.479 292.917 290.312 286.667 281.979 276.25 269.479 261.667 252.812 242.917 231.979 220
5.7 295 294.479 292.917 290.312 286.667 281.979 276.25 269.479 261.667 252.812 242.917 231.979 220
5.8 295 294.479 292.917 290.312 286.667 281.979 276.25 269.479 261.667 252.812 242.917 231.979 220
5.9 295 294.479 292.917 290.312 286.667 281.979 276.25 269.479 261.667 252.812 242.917 231.979 220
6 295 294.479 292.917 290.312 286.667 281.979 276.25 269.479 261.667 252.812 242.917 231.979 220
6.1 295 294.479 292.917 290.312 286.667 281.979 276.25 269.479 261.667 252.812 242.917 231.979 220
6.2 295 294.479 292.917 290.312 286.667 281.979 276.25 269.479 261.667 252.812 242.917 231.979 220
6.3 295 294.479 292.917 290.312 286.667 281.979 276.25 269.479 261.667 252.812 242.917 231.979 220
6.4 295 294.479 292.917 290.312 286.667 281.979 276.25 269.479 261.667 252.812 242.917 231.979 220
6.5 295 294.479 292.917 290.312 286.667 281.979 276.25 269.479 261.667 252.812 242.917 231.979 220
6.6 295 294.479 292.917 290.312 286.667 281.979 276.25 269.479 261.667 252.812 242.917 231.979 220
6.7 295 294.479 292.917 290.312 286.667 281.979 276.25 269.479 261.667 252.812 242.917 231.979 220
6.8 295 294.479 292.917 290.312 286.667 281.979 276.25 269.479 261.667 252.812 242.917 231.979 220
6.9 295 294.479 292.917 290.312 286.667 281.979 276.25 269.479 261.667 252.812 242.917 231.979 220
7 295 294.479 292.917 290.312 286.667 281.979 276.25 269.479 261.667 252.812 242.917 231.979 220
7.1 295 294.479 292.917 290.312 286.667 281.979 276.25 269.479 261.667 252.812 242.917 231.979 220
7.2 295 294.479 292.917 290.312 286.667 281.979 276.25 269.479 261.667 252.812 242.917 231.979 220
7.3 295 294.479 292.917 290.312 286.667 281.979 276.25 269.479 261.667 252.812 242.917 231.979 220
7.4 295 294.479 292.917 290.312 286.667 281.979 276.25 269.479 261.667 252.812 242.917 231.979 220
7.5 295 294.479 292.917 290.312 286.667 281.979 276.25 269.479 261.667 252.812 242.917 231.979 220
7.6 295 294.479 292.917 290.312 286.667 281.979 276.25 269.479 261.667 252.812 242.917 231.979 220
7.7 295 294.479 292.917 290.312 286.667 281.979 276.25 269.479 261.667 252.812 242.917 231.979 220
7.8 295 294.479 292.917 290.312 286.667 281.979 276.25 269.479 261.667 252.812 242.917 231.979 220
7.9 295 294.479 292.917 290.312 286.667 281.979 276.25 269.479 261.667 252.812 242.917 231.979 220
8 295 294.479 292.917 290.312 286.667 281.979 276.25 269.479 261.667 252.812 242.917 231.979 220
8.1 295 294.479 292.917 290.312 286.667 281.979 276.25 269.479 261.667 252.812 242.917 231.979 220
8.2 295 294.479 292.917 290.312 286.667 281.979 276.25 269.479 261.667 252.812 242.917 231.979 220
8.3 295 294.479 292.917 290.312 286.667 281.979 276.25 269.479 261.667 252.812 242.917 231.979 220
8.4 295 294.479 292.917 290.312 286.667 281.979 276.25 269.479 261.667 252.812 242.917 231.979 220
8.5 295 294.479 292.917 290.312 286.667 281.979 276.25 269.479 261.667 252.812 242.917 231.979 220
8.6 295 294.479 292.917 290.312 286.667 281.979 276.25 269.479 261.667 252.812 242.917 231.979 220
8.7 295 294.479 292.917 290.312 286.667 281.979 276.25 269.479 261.667 252.812 242.917 231.979 220
8.8 295 294.479 292.917 290.312 286.667 281.979 276.25 269.479 261.667 252.812 242.917 231.979 220
8.9 295 294.479 292.917 290.312 286.667 281.979 276.25 269.479 261.667 252.812 242.917 231.979 220
9 295 294.479 292.917 290.312 286.667 281.979 276.25 269.479 261.667 252.812 242.917 231.979 220
9.1 295 294.479 292.917 290.312 286.667 281.979 276.25 269.479 261.667 252.812 242.917 231.979 220
9.2 295 294.479 292.917 290.312 286.667 281.979 276.25 269.479 261.667 252.812 242.917 231.979 220
9.3 295 294.479 292.917 290.312 286.667 281.979 276.25 269.479 261.667 252.812 242.917 231.979 220
9.4 295 294.479 292.917 290.312 286.667 281.979 276.25 269.479 261.667 252.812 242.917 231.979 220
9.5 295 294.479 292.917 290.312 286.667 281.979 276.25 269.479 261.667 252.812 242.917 231.979 220
9.6 295 294.479 292.917 290.312 286.667 281.979 276.25 269.479 261.667 252.812 242.917 231.979 220
9.7 295 294.479 292.917 290.312 286.667 281.979 276.25 269.479 261.667 252.812 242.917 231.979 220
9.8 295 294.479 292.917 290.312 286.667 281.979 276.25 269.479 261.667 252.812 242.917 231.979 220
9.9 295 294.479 292.917 290.312 286.667 281.979 276.25 269.479 261.667 252.812 242.917 231.979 220
10 295 294.479 292.917 290.312 286.667 281.979 276.25 269.479 261.667 252.812 242.917 231.979 220
10.1 295 294.479 292.917 290.312 286.667 281.979 276.25 269.479 261.667 252.812 242.917 231.979 220
10.2 295 294.479 292.917 290.312 286.667 281.979 276.25 269.479 261.667 252.812 242.917 231.979 220
10.3 295 294.479 292.917 290.312 286.667 281.979 276.25 269.479 261.667 252.812 242.917 231.979 220
10.4 295 294.479 292.917 290.312 286.667 281.979 276.25 269.479 261.667 252.812 242.917 231.979 220
10.5 295 294.479 292.917 290.312 286.667 281.979 276.25 269.479 261.667 252.812 242.917 231.979 220
10.6 295 294.479 292.917 290.312 286.667 281.979 276.25 269.479 261.667 252.812 242.917 231.979 220
10.7 295 294.479 292.917 290.312 286.667 281.979 276.25 269.479 261.667 252.812 242.917 231.979 220
10.8 295 294.479 292.917 290.312 286.667 281.979 276.25 269.479 261.667 252.812 242.917 231.979 220
10.9 295 294.479 292.917 290.312 286.667 281.979 276.25 269.479 261.667 252.812 242.917 231.979 220
11 295 294.479 292.917 290.312 286.667 281.979 276.25 269.479 261.667 252.812 242.917 231.979 220
11.1 295 294.479 292.917 290.312 286.667 281.979 276.25 269.479 261.667 252.812 242.917 231.979 220
11.2 295 294.479 292.917 290.312 286.667 281.979 276.25 269.479 261.667 252.812 242.917 231.979 220
11.3 295 294.479 292.917 290.312 286.667 281.979 276.25 269.479 261.667 252.812 242.917 231.979 220
11.4 295 294.479 292.917 290.312 286.667 281.979 276.25 269.479 261.667 252.812 242.917 231.979 220
11.5 295 294.479 292.917 290.312 286.667 281.979 276.25 269.479 261.667 252.812 242.917 231.979 220
11.6 295 294.479 292.917 290.312 286.667 281.979 276.25 269.479 261.667 252.812 242.917 231.979 220
11.7 295 294.479 292.917 290.312 286.667 281.979 276.25 269.479 261.667 252.812 242.917 231.979 220
11.8 295 294.479 292.917 290.312 286.667 281.979 276.25 269.479 261.667 252.812 242.917 231.979 220
11.9 295 294.479 292.917 290.312 286.667 281.979 276.25 269.479 261.667 252.812 242.917 231.979 220
12 295 294.479 292.917 290.312 286.667 281.979 276.25 269.479 261.667 252.812 242.917 231.979 220
12.1 295 294.479 292.917 290.312 286.667 281.979 276.25 269.479 261.667 252.812 242.917 231.979 220
12.2 295 294.479 292.917 290.312 286.667 281.979 276.25 269.479 261.667 252.812 242.917 231.979 220
12.3 295 294.479 292.917 290.312 286.667 281.979 276.25 269.479 261.667 252.812 242.917 231.979 220
12.4 295 294.479 292.917 290.312 286.667 281.979 276.25 269.479 261.667 252.812 242.917 231.979 220
12.5 295 294.479 292.917 290.312 286.667 281.979 276.25 269.479 261.667 252.812 242.917 231.979 220
12.6 295 294.479 292.917 290.312 286.667 281.979 276.25 269.479 261.667 252.812 242.917 231.979 220
12.7 295 294.479 292.917 290.312 286.667 281.979 276.25 269.479 261.667 252.812 242.917 231.979 220
12.8 295 294.479 292.917 290.312 286.667 281.979 276.25 269.479 261.667 252.812 242.917 231.979 220
12.9 295 294.479 292.917 290.312 286.667 281.979 276.25 269.479 261.667 252.812 242.917 231.979 220
13 295 294.479 292.917 290.312 286.667 281.979 276.25 269.479 261.667 252.812 242.917 231.979 220
13.1 295 294.479 292.917 290.312 286.667 281.979 276.25 269.479 261.667 252.812 242.917 231.979 220
13.2 295 294.479 292.917 290.312 286.667 281.979 276.25 269.479 261.667 252.812 242.917 231.979 220
13.3 295 294.479 292.917 290.312 286.667 281.979 276.25 269.479 261.667 252.812 242.917 231.979 220
13.4 295 294.479 292.917 290.312 286.667 281.979 276.25 269.479 261.667 252.812 242.917 231.979 220
13.5 295 294.479 292.917 290.312 286.667 281.979 276.25 269.479 261.667 252.812 242.917 231.979 220
13.6 295 294.479 292.917 290.312 286.667 281.979 276.25 269.479 261.667 252.812 242.917 231.979 220
13.7 295 294.479 292.917 290.312 286.667 281.979 276.25 269.479 261.667 252.812 242.917 231.979 220
13.8 295 294.479 292.917 290.312 286.667 281.979 276.25 269.479 261.667 252.812 242.917 231.979 220
13.9 295 294.479 292.917 290.312 286.667 281.979 276.25 269.479 261.667 252.812 242.917 231.979 220
14 295 294.479 292.917 290.312 286.667 281.979 276.25 269.479 261.667 252.812 242.917 231.979 220
14.1 295 294.479 292.917 290.312 286.667 281.979 276.25 269.479 261.667 252.812 242.917 231.979 220
14.2 295 294.479 292.917 290.312 286.667 281.979 276.25 269.479 261.667 252.812 242.917 231.979 220
14.3 295 294.479 292.917 290.312 286.667 281.979 276.25 269.479 261.667 252.812 242.917 231.979 220
14.4 295 294.479 292.917 290.312 286.667 281.979 276.25 269.479 261.667 252.812 242.917 231.979 220
14.5 295 294.479 292.917 290.312 286.667 281.979 276.25 269.479 261.667 252.812 242.917 231.979 220
14.6 295 294.479 292.917 290.312 286.667 281.979 276.25 269.479 261.667 252.812 242.917 231.979 220
14.7 295 294.479 292.917 290.312 286.667 281.979 276.25 269.479 261.667 252.812 242.917 231.979 220
14.8 295 294.479 292.917 290.312 286.667 281.979 276.25 269.479 261.667 252.812 242.917 231.979 220
14.9 295 294.479 292.917 290.312 286.667 281.979 276.25 269.479 261.667 252.812 242.917 231.979 220
15 295 294.479 292.917 290.312 286.667 281.979 276.25 269.479 261.667 252.812 242.917 231.979 220
15.1 295 294.479 292.917 290.312 286.667 281.979 276.25 269.479 261.667 252.812 242.917 231.979 220
15.2 295 294.479 292.917 290.312 286.667 281.979 276.25 269.479 261.667 252.812 242.917 231.979 220
15.3 295 294.479 292.917 290.312 286.667 281.979 276.25 269.479 261.667 252.812 242.917 231.979 220
15.4 295 294.479 292.917 290.312 286.667 281.979 276.25 269.479 261.667 252.812 242.917 231.979 220
15.5 295 294.479 292.917 290.312 286.667 281.979 276.25 269.479 261.667 252.812 242.917 231.979 220
15.6 295 294.479 292.917 290.312 286.667 281.979 276.25 269.479 261.667 252.812 242.917 231.979 220
15.7 295 294.479 292.917 290.312 286.667 281.979 276.25 269.479 261.667 252.812 242.917 231.979 220
15.8 295 294.479 292.917 290.312 286.667 281.979 276.25 269.479 261.667 252.812 242.917 231.979 220
15.9 295 294.479 292.917 290.312 286.667 281.979 276.25 269.479 261.667 252.812 242.917 231.979 220
16 295 294.479 292.917 290.312 286.667 281.979 276.25 269.479 261.667 252.812 242.917 231.979 220
16.1 295 294.479 292.917 290.312 286.667 281.979 276.25 269.479 261.667 252.812 242.917 231.979 220
16.2 295 294.479 292.917 290.312 286.667 281.979 276.25 269.479 261.667 252.812 242.917 231.979 220
16.3 295 294.479 292.917 290.312 286.667 281.979 276.25 269.479 261.667 252.812 242.917 231.979 220
16.4 295 294.479 292.917 290.312 286.667 281.979 276.25 269.479 261.667 252.812 242.917 231.979 220
16.5 295 294.479 292.917 290.312 286.667 281.979 276.25 269.479 261.667 252.812 242.917 231.979 220
16.6 295 294.479 292.917 290.312 286.667 281.979 276.25 269.479 261.667 252.812 242.917 231.979 220
16.7 295 294.479 292.917 290.312 286.667 281.979 276.25 269.479 261.667 252.812 242.917 231.979 220
16.8 295 294.479 292.917 290.312 286.667 281.979 276.25 269.479 261.667 252.812 242.917 231.979 220
16.9 295 294.479 292.917 290.312 286.667 281.979 276.25 269.479 261.667 252.812 242.917 231.979 220
17 295 294.479 292.917 290.312 286.667 281.979 276.25 269.479 261.667 252.812 242.917 231.979 220
17.1 295 294.479 292.917 290.312 286.667 281.979 276.25 269.479 261.667 252.812 242.917 231.979 220
17.2 295 294.479 292.917 290.312 286.667 281.979 276.25 269.479 261.667 252.812 242.917 231.979 220
17.3 295 294.479 292.917 290.312 286.667 281.979 276.25 269.479 261.667 252.812 242.917 231.979 220
17.4 295 294.479 292.917 290.312 286.667 281.979 276.25 269.479 261.667 252.812 242.917 231.979 220
17.5 295 294.479 292.917 290.312 286.667 281.979 276.25 269.479 261.667 252.812 242.917 231.979 220
17.6 295 294.479 292.917 290.312 286.667 281.979 276.25 269.479 261.667 252.812 242.917 231.979 220
17.7 295 294.479 292.917 290.312 286.667 281.979 276.25 269.479 261.667 252.812 242.917 231.979 220
17.8 295 294.479 292.917 290.312 286.667 281.979 276.25 269.479 261.667 252.812 242.917 231.979 220
17.9 295 294.479 292.917 290.312 286.667 281.979 276.25 269.479 261.667 252.812 242.917 231.979 220
18 295 294.479 292.917 290.312 286.667 281.979 276.25 269.479 261.667 252.812 242.917 231.979 220
18.1 295 294.479 292.917 290.312 286.667 281.979 276.25 269.479 261.667 252.812 242.917 231.979 220
18.2 295 294.479 292.917 290.312 286.667 281.979 276.25 269.479 261.667 252.812 242.917 231.979 220
18.3 295 294.479 292.917 290.312 286.667 281.979 276.25 269.479 261.667 252.812 242.917 231.979 220
18.4 295 294.479 292.917 290.312 286.667 281.979 276.25 269.479 261.667 252.812 242.917 231.979 220
18.5 295 294.479 292.917 290.312 286.667 281.979 276.25 269.479 261.667 252.812 242.917 231.979 220
18.6 295 294.479 292.917 290.312 286.667 281.979 276.25 269.479 261.667 252.812 242.917 231.979 220
18.7 295 294.479 292.917 290.312 286.667 281.979 276.25 269.479 261.667 252.812 242.917 231.979 220
18.8 295 294.479 292.917 290.312 286.667 281.979 276.25 269.479 261.667 252.812 242.917 231.979 220
18.9 295 294.479 292.917 290.312 286.667 281.979 276.25 269.479 261.667 252.812 242.917 231.979 220
19 295 294.479 292.917 290.312 286.667 281.979 276.25 269.479 261.667 252.812 242.917 231.979 220
19.1 295 294.479 292.917 290.312 286.667 281.979 276.25 269.479 261.667 252.812 242.917 231.979 220
19.2 295 294.479 292.917 290.312 286.667 281.979 276.25 269.479 261.667 252.812 242.917 231.979 220
19.3 295 294.479 292.917 290.312 286.667 281.979 276.25 269.479 261.667 252.812 242.917 231.979 220
19.4 295 294.479 292.917 290.312 286.667 281.979 276.25 269.479 261.667 252.812 242.917 231.979 220
19.5 295 294.479 292.917 290.312 286.667 281.979 276.25 269.479 261.667 252.812 242.917 231.979 220
19.6 295 294.479 292.917 290.312 286.667 281.979 276.25 269.479 261.667 252.812 242.917 231.979 220
19.7 295 294.479 292.917 290.312 286.667 281.979 276.25 269.479 261.667 252.812 242.917 231.979 220
19.8 295 294.479 292.917 290.312 286.667 281.979 276.25 269.479 261.667 252.812 242.917 231.979 220
19.9 295 294.479 292.917 290.312 286.667 281.979 276.25 269.479 261.667 252.812 242.917 231.979 220
20 295 294.479 292.917 290.312 286.667 281.979 276.25 269.479 261.667 252.812 242.917 231.979 220
20.1 295 294.479 292.917 290.312 286.667 281.979 276.25 269.479 261.667 252.812 242.917 231.979 220
20.2 295 294.479 292.917 290.312 286.667 281.979 276.25 269.479 261.667 252.812 242.917 231.979 220
20.3 295 294.479 292.917 290.312 286.667 281.979 276.25 269.479 261.667 252.812 242.917 231.979 220
20.4 295 294.479 292.917 290.312 286.667 281.979 276.25 269.479 261.667 252.812 242.917 231.979 220
20.5 295 294.479 292.917 290.312 286.667 281.979 276.25 269.479 261.667 252.812 242.917 231.979 220
20.6 295 294.479 292.917 290.312 286.667 281.979 276.25 269.479 261.667 252.812 242.917 231.979 220
20.7 295 294.479 292.917 290.312 286.667 281.979 276.25 269.479 261.667 252.812 242.917 231.979 220
20.8 295 294.479 292.917 290.312 286.667 281.979 276.25 269.479 261.667 252.812 242.917 231.979 220
20.9 295 294.479 292.917 290.312 286.667 281.979 276.25 269.479 261.667 252.812 242.917 231.979 220
21 295 294.479 292.917 290.312 286.667 281.979 276.25 269.479 261.667 252.812 242.917 231.979 220
21.1 295 294.479 292.917 290.312 286.667 281.979 276.25 269.479 261.667 252.812 242.917 231.979 220
21.2 295 294.479 292.917 290.312 286.667 281.979 276.25 269.479 261.667 252.812 242.917 231.979 220
21.3 295 294.479 292.917 290.312 286.667 281.979 276.25 269.479 261.667 252.812 242.917 231.979 220
21.4 295 294.479 292.917 290.312 286.667 281.979 276.25 269.479 261.667 252.812 242.917 231.979 220
21.5 295 294.479 292.917 290.312 286.667 281.979 276.25 269.479 261.667 252.812 242.917 231.979 220
21.6 295 294.479 292.917 290.312 286.667 281.979 276.25 269.479 261.667 252.812 242.917 231.979 220
21.7 295 294.479 292.917 290.312 286.667 281.979 276.25 269.479 261.667 252.812 242.917 231.979 220
21.8 295 294.479 292.917 290.312 286.667 281.979 276.25 269.479 261.667 252.812 242.917 231.979 220
21.9 295 294.479 292.917 290.312 286.667 281.979 276.25 269.479 261.667 252.812 242.917 231.979 220
22 295 294.479 292.917 290.312 286.667 281.979 276.25 269.479 261.667 252.812 242.917 231.979 220
22.1 295 294.479 292.917 290.312 286.667 281.979 276.25 269.479 261.667 252.812 242.917 231.979 220
22.2 295 294.479 292.917 290.312 286.667 281.979 276.25 269.479 261.667 252.812 242.917 231.979 220
22.3 295 294.479 292.917 290.312 286.667 281.979 276.25 269.479 261.667 252.812 242.917 231.979 220
22.4 295 294.479 292.917 290.312 286.667 281.979 276.25 269.479 261.667 252.812 242.917 231.979 220
22.5 295 294.479 292.917 290.312 286.667 281.979 276.25 269.479 261.667 252.812 242.917 231.979 220
22.6 295 294.479 292.917 290.312 286.667 281.979 276.25 269.479 261.667 252.812 242.917 231.979 220
22.7 295 294.479 292.917 290.312 286.667 281.979 276.25 269.479 261.667 252.812 242.917 231.979 220
22.8 295 294.479 292.917 290.312 286.667 281.979 276.25 269.479 261.667 252.812 242.917 231.979 220
22.9 295 294.479 292.917 290.312 286.667 281.979 276.25 269.479 261.667 252.812 242.917 231.979 220
23 295 294.479 292.917 290.312 286.667 281.979 276.25 269.479 261.667 252.812 242.917 231.979 220
23.1 295 294.479 292.917 290.312 286.667 281.979 276.25 269.479 261.667 252.812 242.917 231.979 220
23.2 295 294.479 292.917 290.312 286.667 281.979 276.25 269.479 261.667 252.812 242.917 231.979 220
23.3 295 294.479 292.917 290.312 286.667 281.979 276.25 269.479 261.667 252.812 242.917 231.979 220
23.4 295 294.479 292.917 290.312 286.667 281.979 276.25 269.479 261.667 252.812 242.917 231.979 220
23.5 295 294.479 292.917 290.312 286.667 281.979 276.25 269.479 261.667 252.812 242.917 231.979 220
23.6 295 294.479 292.917 290.312 286.667 281.979 276.25 269.479 261.667 252.812 242.917 231.979 220
23.7 295 294.479 292.917 290.312 286.667 281.979 276.25 269.479 261.667 252.812 242.917 231.979 220
23.8 295 294.479 292.917 290.312 286.667 281.979 276.25 269.479 261.667 252.812 242.917 231.979 220
23.9 295 294.479 292.917 290.312 286.667 281.979 276.25 269.479 261.667 252.812 242.917 231.979 220
24 295 294.479 292.917 290.312 286.667 281.979 276.25 269.479 261.667 252.812 242.917 231.979 220
24.1 295 294.479 292.917 290.312 286.667 281.979 276.25 269.479 261.667 252.812 242.917 231.979 220
24.2 295 294.479 292.917 290.312 286.667 281.979 276.25 269.479 261.667 252.812 242.917 231.979 220
24.3 295 294.479 292.917 290.312 286.667 281.979 276.25 269.479 261.667 252.812 242.917 231.979 220
24.4 295 294.479 292.917 290.312 286.667 281.979 276.25 269.479 261.667 252.812 242.917 231.979 220
24.5 295 294.479 292.917 290.312 286.667 281.979 276.25 269.479 261.667 252.812 242.917 231.979 220
24.6 295 294.479 292.917 290.312 286.667 281.979 276.25 269.479 261.667 252.812 242.917 231.979 220
24.7 295 294.479 292.917 290.312 286.667 281.979 276.25 269.479 261.667 252.812 242.917 231.979 220
24.8 295 294.479 292.917 290.312 286.667 281.979 276.25 269.479 261.667 252.812 242.917 231.979 220
24.9 295 294.479 292.917 290.312 286.667 281.979 276.25 269.479 261.667 252.812 242.917 231.979 220
25 295 294.479 292.917 290.312 286.667 281.979 276.25 269.479 261.667 252.812 242.917 231.979 220
25.1 295 294.479 292.917 290.312 286.667 281.979 276.25 269.479 261.667 252.812 242.917 231.979 220
25.2 295 294.479 292.917 290.312 286.667 281.979 276.25 269.479 261.667 252.812 242.917 231.979 220
25.3 295 294.479 292.917 290.312 286.667 281.979 276.25 269.479 261.667 252.812 242.917 231.979 220
25.4 295 294.479 292.917 290.312 286.667 281.979 276.25 269.479 261.667 252.812 242.917 231.979 220
25.5 295 294.479 292.917 290.312 286.667 281.979 276.25 269.479 261.667 252.812 242.917 231.979 220
25.6 295 294.479 292.917 290.312 286.667 281.979 276.25 269.479 261.667 252.812 242.917 231.979 220
25.7 295 294.479 292.917 290.312 286.667 281.979 276.25 269.479 261.667 252.812 242.917 231.979 220
25.8 295 294.479 292.917 290.312 286.667 281.979 276.25 269.479 261.667 252.812 242.917 231.979 220
25.9 295 294.479 292.917 290.312 286.667 281.979 276.25 269.479 261.667 252.812 242.917 231.979 220
26 295 294.479 292.917 290.312 286.667 281.979 276.25 269.479 261.667 252.812 242.917 231.979 220
26.1 295 294.479 292.917 290.312 286.667 281.979 276.25 269.479 261.667 252.812 242.917 231.979 220
26.2 295 294.479 292.917 290.312 286.667 281.979 276.25 269.479 261.667 252.812 242.917 231.979 220
26.3 295 294.479 292.917 290.312 286.667 281.979 276.25 269.479 261.667 252.812 242.917 231.979 220
26.4 295 294.479 292.917 290.312 286.667 281.979 276.25 269.479 261.667 252.812 242.917 231.979 220
26.5 295 294.479 292.917 290.312 286.667 281.979 276.25 269.479 261.667 252.812 242.917 231.979 220
26.6 295 294.479 292.917 290.312 286.667 281.979 276.25 269.479 261.667 252.812 242.917 231.979 220
26.7 295 294.479 292.917 290.312 286.667 281.979 276.25 269.479 261.667 252.812 242.917 231.979 220
26.8 295 294.479 292.917 290.312 286.667 281.979 276.25 269.479 261.667 252.812 242.917 231.979 220
26.9 295 294.479 292.917 290.312 286.667 281.979 276.25 269.479 261.667 252.812 242.917 231.979 220
27 295 294.479 292.917 290.312 286.667 281.979 276.25 269.479 261.667 252.812 242.917 231.979 220
27.1 295 294.479 292.917 290.312 286.667 281.979 276.25 269.479 261.667 252.812 242.917 231.979 220
27.2 295 294.479 292.917 290.312 286.667 281.979 276.25 269.479 261.667 252.812 242.917 231.979 220
27.3 295 294.479 292.917 290.312 286.667 281.979 276.25 269.479 261.667 252.812 242.917 231.979 220
27.4 295 294.479 292.917 290.312 286.667 281.979 276.25 269.479 261.667 252.812 242.917 231.979 220
27.5 295 294.479 292.917 290.312 286.667 281.979 276.25 269.479 261.667 252.812 242.917 231.979 220
27.6 295 294.479 292.917 290.312 286.667 281.979 276.25 269.479 261.667 252.812 242.917 231.979 220
27.7 295 294.479 292.917 290.312 286.667 281.979 276.25 269.479 261.667 252.812 242.917 231.979 220
27.8 295 294.479 292.917 290.312 286.667 281.979 276.25 269.479 261.667 252.812 242.917 231.979 220
27.9 295 294.479 292.917 290.312 286.667 281.979 276.25 269.479 261.667 252.812 242.917 231.979 220
28 295 294.479 292.917 290.312 286.667 281.979 276.25 269.479 261.667 252.812 242.917 231.979 220
28.1 295 294.479 292.917 290.312 286.667 281.979 276.25 269.479 261.667 252.812 242.917 231.979 220
28.2 295 294.479 292.917 290.312 286.667 281.979 276.25 269.479 261.667 252.812 242.917 231.979 220
28.3 295 294.479 292.917 290.312 286.667 281.979 276.25 269.479 261.667 252.812 242.917 231.979 220
28.4 295 294.479 292.917 290.312 286.667 281.979 276.25 269.479 261.667 252.812 242.917 231.979 220
28.5 295 294.479 292.917 290.312 286.667 281.979 276.25 269.479 261.667 252.812 242.917 231.979 220
28.6 295 294.479 292.917 290.312 286.667 281.979 276.25 269.479 261.667 252.812 242.917 231.979 220
28.7 295 294.479 292.917 290.312 286.667 281.979 276.25 269.479 261.667 252.812 242.917 231.979 220
28.8 295 294.479 292.917 290.312 286.667 281.979 276.25 269.479 261.667 252.812 242.917 231.979 220
28.9 295 294.479 292.917 290.312 286.667 281.979 276.25 269.479 261.667 252.812 242.917 231.979 220
29 295 294.479 292.917 290.312 286.667 281.979 276.25 269.479 261.667 252.812 242.917 231.979 220
29.1 295 294.479 292.917 290.312 286.667 281.979 276.25 269.479 261.667 252.812 242.917 231.979 220
29.2 295 294.479 292.917 290.312 286.667 281.979 276.25 269.479 261.667 252.812 242.917 231.979 220
29.3 295 294.479 292.917 290.312 286.667 281.979 276.25 269.479 261.667 252.812 242.917 231.979 220
29.4 295 294.479 292.917 290.312 286.667 281.979 276.25 269.479 261.667 252.812 242.917 231.979 220
29.5 295 294.479 292.917 290.312 286.667 281.979 276.25 269.479 261.667 252.812 242.917 231.979 220
29.6 295 294.479 292.917 290.312 286.667 281.979 276.25 269.479 261.667 252.812 242.917 231.979 220
29.7 295 294.479 292.917 290.312 286.667 281.979 276.25 269.479 261.667 252.812 242.917 231.979 220
29.8 295 294.479 292.917 290.312 286.667 281.979 276.25 269.479 261.667 252.812 242.917 231.979 220
29.9 295 294.479 292.917 290.312 286.667 281.979 276.25 269.479 261.667 252.812 242.917 231.979 220
30 295 294.479 292.917 290.312 286.667 281.979 276.25 269.479 261.667 252.812 242.917 231.979 220
30.1 295 294.479 292.917 290.312 286.667 281.979 276.25 269.479 261.667 252.812 242.917 231.979 220
30.2 295 294.479 292.917 290.312 286.667 281.979 276.25 269.479 261.667 252.812 242.917 231.979 220
30.3 295 294.479 292.917 290.312 286.667 281.979 276.25 269.479 261.667 252.812 242.917 231.979 220
30.4 295 294.479 292.917 290.312 286.667 281.979 276.25 269.479 261.667 252.812 242.917 231.979 220
30.5 295 294.479 292.917 290.312 286.667 281.979 276.25 269.479 261.667 252.812 242.917 231.979 220
30.6 295 294.479 292.917 290.312 286.667 281.979 276.25 269.479 261.667 252.812 242.917 231.979 220
30.7 295 294.479 292.917 290.312 286.667 281.979 276.25 269.479 261.667 252.812 242.917 231.979 220
30.8 295 294.479 292.917 290.312 286.667 281.979 276.25 269.479 261.667 252.812 242.917 231.979 220
30.9 295 294.479 292.917 290.312 286.667 281.979 276.25 269.479 261.667 252.812 242.917 231.979 220
31 295 294.479 292.917 290.312 286.667 281.979 276.25 269.479 261.667 252.812 242.917 231.979 220
31.1 295 294.479 292.917 290.312 286.667 281.979 276.25 269.479 261.667 252.812 242.917 231.979 220
31.2 295 294.479 292.917 290.312 286.667 281.979 276.25 269.479 261.667 252.812 242.917 231.979 220
31.3 295 294.479 292.917 290.312 286.667 281.979 276.25 269.479 261.667 252.812 242.917 231.979 220
31.4 295 294.479 292.917 290.312 286.667 281.979 276.25 269.479 261.667 252.812 242.917 231.979 220
31.5 295 294.479 292.917 290.312 286.667 281.979 276.25 269.479 261.667 252.812 242.917 231.979 220
31.6 295 294.479 292.917 290.312 286.667 281.979 276.25 269.479 261.667 252.812 242.917 231.979 220
31.7 295 294.479 292.917 290.312 286.667 281.979 276.25 269.479 261.667 252.812 242.917 231.979 220
31.8 295 294.479 292.917 290.312 286.667 281.979 276.25 269.479 261.667 252.812 242.917 231.979 220
31.9 295 294.479 292.917 290.312 286.667 281.979 276.25 269.479 261.667 252.812 242.917 231.979 220
32 295 294.479 292.917 290.312 286.667 281.979 276.25 269.479 261.667 252.812 242.917 231.979 220
32.1 295 294.479 292.917 290.312 286.667 281.979 276.25 269.479 261.667 252.812 242.917 231.979 220
32.2 295 294.479 292.917 290.312 286.667 281.979 276.25 269.479 261.667 252.812 242.917 231.979 220
32.3 295 294.479 292.917 290.312 286.667 281.979 276.25 269.479 261.667 252.812 242.917 231.979 220
32.4 295 294.479 292.917 290.312 286.667 281.979 276.25 269.479 261.667 252.812 242.917 231.979 220
32.5 295 294.479 292.917 290.312 286.667 281.979 276.25 269.479 261.667 252.812 242.917 231.979 220
32.6 295 294.479 292.917 290.312 286.667 281.979 276.25 269.479 261.667 252.812 242.917 231.979 220
32.7 295 294.479 292.917 290.312 286.667 281.979 276.25 269.479 261.667 252.812 242.917 231.979 220
32.8 295 294.479 292.917 290.312 286.667 281.979 276.25 269.479 261.667 252.812 242.917 231.979 220
32.9 295 294.479 292.917 290.312 286.667 281.979 276.25 269.479 261.667 252.812 242.917 231.979 220
33 295 294.479 292.917 290.312 286.667 281.979 276.25 269.479 261.667 252.812 242.917 231.979 220
33.1 295 294.479 292.917 290.312 286.667 281.979 276.25 269.479 261.667 252.812 242.917 231.979 220
33.2 295 294.479 292.917 290.312 286.667 281.979 276.25 269.479 261.667 252.812 242.917 231.979 220
33.3 295 294.479 292.917 290.312 286.667 281.979 276.25 269.479 261.667 252.812 242.917 231.979 220
33.4 295 294.479 292.917 290.312 286.667 281.979 276.25 269.479 261.667 252.812 242.917 231.979 220
33.5 295 294.479 292.917 290.312 286.667 281.979 276.25 269.479 261.667 252.812 242.917 231.979 220
33.6 295 294.479 292.917 290.312 286.667 281.979 276.25 269.479 261.667 252.812 242.917 231.979 220
33.7 295 294.479 292.917 290.312 286.667 281.979 276.25 269.479 261.667 252.812 242.917 231.979 220
33.8 295 294.479 292.917 290.312 286.667 281.979 276.25 269.479 261.667 252.812 242.917 231.979 220
33.9 295 294.479 292.917 290.312 286.667 281.979 276.25 269.479 261.667 252.812 242.917 231.979 220
34 295 294.479 292.917 290.312 286.667 281.979 276.25 269.479 261.667 252.812 242.917 231.979 220
34.1 295 294.479 292.917 290.312 286.667 281.979 276.25 269.479 261.667 252.812 242.917 231.979 220
34.2 295 294.479 292.917 290.312 286.667 281.979 276.25 269.479 261.667 252.812 242.917 231.979 220
34.3 295 294.479 292.917 290.312 286.667 281.979 276.25 269.479 261.667 252.812 242.917 231.979 220
34.4 295 294.479 292.917 290.312 286.667 281.979 276.25 269.479 261.667 252.812 242.917 231.979 220
34.5 295 294.479 292.917 290.312 286.667 281.979 276.25 269.479 261.667 252.812 242.917 231.979 220
34.6 295 294.479 292.917 290.312 286.667 281.979 276.25 269.479 261.667 252.812 242.917 231.979 220
34.7 295 294.479 292.917 290.312 286.667 281.979 276.25 269.479 261.667 252.812 242.917 231.979 220
34.8 295 294.479 292.917 290.312 286.667 281.979 276.25 269.479 261.667 252.812 242.917 231.979 220
34.9 295 294.479 292.917 290.312 286.667 281.979 276.25 269.479 261.667 252.812 242.917 231.979 220
35 295 294.479 292.917 290.312 286.667 281.979 276.25 269.479 261.667 252.812 242.917 231.979 220
35.1 295 294.479 292.917 290.312 286.667 281.979 276.25 269.479 261.667 252.812 242.917 231.979 220
35.2 295 294.479 292.917 290.312 286.667 281.979 276.25 269.479 261.667 252.812 242.917 231.979 220
35.3 295 294.479 292.917 290.312 286.667 281.979 276.25 269.479 261.667 252.812 242.917 231.979 220
35.4 295 294.479 292.917 290.312 286.667 281.979 276.25 269.479 261.667 252.812 242.917 231.979 220
35.5 295 294.479 292.917 290.312 286.667 281.979 276.25 269.479 261.667 252.812 242.917 231.979 220
35.6 295 294.479 292.917 290.312 286.667 281.979 276.25 269.479 261.667 252.812 242.917 231.979 220
35.7 295 294.479 292.917 290.312 286.667 281.979 276.25 269.479 261.667 252.812 242.917 231.979 220
35.8 295 294.479 292.917 290.312 286.667 281.979 276.25 269.479 261.667 252.812 242.917 231.979 220
35.9 295 294.479 292.917 290.312 286.667 281.979 276.25 269.479 261.667 252.812 242.917 231.979 220
36 295 294.479 292.917 290.312 286.667 281.979 276.25 269.479 261.667 252.812 242.917 231.979 220
36.1 295 294.479 292.917 290.312 286.667 281.979 276.25 269.479 261.667 252.812 242.917 231.979 220
36.2 295 294.479 292.917 290.312 286.667 281.979 276.25 269.479 261.667 252.812 242.917 231.979 220
36.3 295 294.479 292.917 290.312 286.667 281.979 276.25 269.479 261.667 252.812 242.917 231.979 220
36.4 295 294.479 292.917 290.312 286.667 281.979 276.25 269.479 261.667 252.812 242.917 231.979 220
36.5 295 294.479 292.917 290.312 286.667 281.979 276.25 269.479 261.667 252.812 242.917 231.979 220
36.6 295 294.479 292.917 290.312 286.667 281.979 276.25 269.479 261.667 252.812 242.917 231.979 220
36.7 295 294.479 292.917 290.312 286.667 281.979 276.25 269.479 261.667 252.812 242.917 231.979 220
36.8 295 294.479 292.917 290.312 286.667 281.979 276.25 269.479 261.667 252.812 242.917 231.979 220
36.9 295 294.479 292.917 290.312 286.667 281.979 276.25 269.479 261.667 252.812 242.917 231.979 220
37 295 294.479 292.917 290.312 286.667 281.979 276.25 269.479 261.667 252.812 242.917 231.979 220
37.1 295 294.479 292.917 290.312 286.667 281.979 276.25 269.479 261.667 252.812 242.917 231.979 220
37.2 295 294.479 292.917 290.312 286.667 281.979 276.25 269.479 261.667 252.812 242.917 231.979 220
37.3 295 294.479 292.917 290.312 286.667 281.979 276.25 269.479 261.667 252.812 242.917 231.979 220
37.4 295 294.479 292.917 290.312 286.667 281.979 276.25 269.479 261.667 252.812 242.917 231.979 220
37.5 295 294.479 292.917 290.312 286.667 281.979 276.25 269.479 261.667 252.812 242.917 231.979 220
37.6 295 294.479 292.917 290.312 286.667 281.979 276.25 269.479 261.667 252.812 242.917 231.979 220
37.7 295 294.479 292.917 290.312 286.667 281.979 276.25 269.479 261.667 252.812 242.917 231.979 220
37.8 295 294.479 292.917 290.312 286.667 281.979 276.25 269.479 261.667 252.812 242.917 231.979 220
37.9 295 294.479 292.917 290.312 286.667 281.979 276.25 269.479 261.667 252.812 242.917 231.979 220
38 295 294.479 292.917 290.312 286.667 281.979 276.25 269.479 261.667 252.812 242.917 231.979 220
38.1 295 294.479 292.917 290.312 286.667 281.979 276.25 269.479 261.667 252.812 242.917 231.979 220
38.2 295 294.479 292.917 290.312 286.667 281.979 276.25 269.479 261.667 252.812 242.917 231.979 220
38.3 295 294.479 292.917 290.312 286.667 281.979 276.25 269.479 261.667 252.812 242.917 231.979 220
38.4 295 294.479 292.917 290.312 286.667 281.979 276.25 269.479 261.667 252.812 242.917 231.979 220
38.5 295 294.479 292.917 290.312 286.667 281.979 276.25 269.479 261.667 252.812 242.917 231.979 220
38.6 295 294.479 292.917 290.312 286.667 281.979 276.25 269.479 261.667 252.812 242.917 231.979 220
38.7 295 294.479 292.917 290.312 286.667 281.979 276.25 269.479 261.667 252.812 242.917 231.979 220
38.8 295 294.479 292.917 290.312 286.667 281.979 276.25 269.479 261.667 252.812 242.917 231.979 220
38.9 295 294.479 292.917 290.312 286.667 281.979 276.25 269.479 261.667 252.812 242.917 231.979 220
39 295 294.479 292.917 290.312 286.667 281.979 276.25 269.479 261.667 252.812 242.917 231.979 220
39.1 295 294.479 292.917 290.312 286.667 281.979 276.25 269.479 261.667 252.812 242.917 231.979 220
39.2 295 294.479 292.917 290.312 286.667 281.979 276.25 269.479 261.667 252.812 242.917 231.979 220
39.3 295 294.479 292.917 290.312 286.667 281.979 276.25 269.479 261.667 252.812 242.917 231.979 220
39.4 295 294.479 292.917 290.312 286.667 281.979 276.25 269.479 261.667 252.812 242.917 231.979 220
39.5 295 294.479 292.917 290.312 286.667 281.979 276.25 269.479 261.667 252.812 242.917 231.979 220
39.6 295 294.479 292.917 290.312 286.667 281.979 276.25 269.479 261.667 252.812 242.917 231.979 220
39.7 295 294.479 292.917 290.312 286.667 281.979 276.25 269.479 261.667 252.812 242.917 231.979 220
39.8 295 294.479 292.917 290.312 286.667 281.979 276.25 269.479 261.667 252.812 242.917 231.979 220
39.9 295 294.479 292.917 290.312 286.667 281.979 276.25 269.479 261.667 252.812 242.917 231.979 220
40 295 294.479 292.917 290.312 286.667 281.979 276.25 269.479 261.667 252.812 242.917 231.979 220
40.1 295 294.479 292.917 290.312 286.667 281.979 276.25 269.479 261.667 252.812 242.917 231.979 220
40.2 295 294.479 292.917 290.312 286.667 281.979 276.25 269.479 261.667 252.812 242.917 231.979 220
40.3 295 294.479 292.917 290.312 286.667 281.979 276.25 269.479 261.667 252.812 242.917 231.979 220
40.4 295 294.479 292.917 290.312 286.667 281.979 276.25 269.479 261.667 252.812 242.917 231.979 220
40.5 295 294.479 292.917 290.312 286.667 281.979 276.25 269.479 261.667 252.812 242.917 231.979 220
40.6 295 294.479 292.917 290.312 286.667 281.979 276.25 269.479 261.667 252.812 242.917 231.979 220
40.7 295 294.479 292.917 290.312 286.667 281.979 276.25 269.479 261.667 252.812 242.917 231.979 220
40.8 295 294.479 292.917 290.312 286.667 281.979 276.25 269.479 261.667 252.812 242.917 231.979 220
40.9 295 294.479 292.917 290.312 286.667 281.979 276.25 269.479 261.667 252.812 242.917 231.979 220
41 295 294.479 292.917 290.312 286.667 281.979 276.25 269.479 261.667 252.812 242.917 231.979 220
41.1 295 294.479 292.917 290.312 286.667 281.979 276.25 269.479 261.667 252.812 242.917 231.979 220
41.2 295 294.479 292.917 290.312 286.667 281.979 276.25 269.479 261.667 252.812 242.917 231.979 220
41.3 295 294.479 292.917 290.312 286.667 281.979 276.25 269.479 261.667 252.812 242.917 231.979 220
41.4 295 294.479 292.917 290.312 286.667 281.979 276.25 269.479 261.667 252.812 242.917 231.979 220
41.5 295 294.479 292.917 290.312 286.667 281.979 276.25 269.479 261.667 252.812 242.917 231.979 220
41.6 295 294.479 292.917 290.312 286.667 281.979 276.25 269.479 261.667 252.812 242.917 231.979 220
41.7 295 294.479 292.917 290.312 286.667 281.979 276.25 269.479 261.667 252.812 242.917 231.979 220
41.8 295 294.479 292.917 290.312 286.667 281.979 276.25 269.479 261.667 252.812 242.917 231.979 220
41.9 295 294.479 292.917 290.312 286.667 281.979 276.25 269.479 261.667 252.812 242.917 231.979 220
42 295 294.479 292.917 290.312 286.667 281.979 276.25 269.479 261.667 252.812 242.917 231.979 220
42.1 295 294.479 292.917 290.312 286.667 281.979 276.25 269.479 261.667 252.812 242.917 231.979 220
42.2 295 294.479 292.917 290.312 286.667 281.979 276.25 269.479 261.667 252.812 242.917 231.979 220
42.3 295 294.479 292.917 290.312 286.667 281.979 276.25 269.479 261.667 252.812 242.917 231.979 220
42.4 295 294.479 292.917 290.312 286.667 281.979 276.25 269.479 261.667 252.812 242.917 231.979 220
42.5 295 294.479 292.917 290.312 286.667 281.979 276.25 269.479 261.667 252.812 242.917 231.979 220
42.6 295 294.479 292.917 290.312 286.667 281.979 276.25 269.479 261.667 252.812 242.917 231.979 220
42.7 295 294.479 292.917 290.312 286.667 281.979 276.25 269.479 261.667 252.812 242.917 231.979 220
42.8 295 294.479 292.917 290.312 286.667 281.979 276.25 269.479 261.667 252.812 242.917 231.979 220
42.9 295 294.479 292.917 290.312 286.667 281.979 276.25 269.479 261.667 252.812 242.917 231.979 220
43 295 294.479 292.917 290.312 286.667 281.979 276.25 269.479 261.667 252.812 242.917 231.979 220
43.1 295 294.479 292.917 290.312 286.667 281.979 276.25 269.479 261.667 252.812 242.917 231.979 220
43.2 295 294.479 292.917 290.312 286.667 281.979 276.25 269.479 261.667 252.812 242.917 231.979 220
43.3 295 294.479 292.917 290.312 286.667 281.979 276.25 269.479 261.667 252.812 242.917 231.979 220
43.4 295 294.479 292.917 290.312 286.667 281.979 276.25 269.479 261.667 252.812 242.917 231.979 220
43.5 295 294.479 292.917 290.312 286.667 281.979 276.25 269.479 261.667 252.812 242.917 231.979 220
43.6 295 294.479 292.917 290.312 286.667 281.979 276.25 269.479 261.667 252.812 242.917 231.979 220
43.7 295 294.479 292.917 290.312 286.667 281.979 276.25 269.479 261.667 252.812 242.917 231.979 220
43.8 295 294.479 292.917 290.312 286.667 281.979 276.25 269.479 261.667 252.812 242.917 231.979 220
43.9 295 294.479 292.917 290.312 286.667 281.979 276.25 269.479 261.667 252.812 242.917 231.979 220
44 295 294.479 292.917 290.312 286.667 281.979 276.25 269.479 261.667 252.812 242.917 231.979 220
44.1 295 294.479 292.917 290.312 286.667 281.979 276.25 269.479 261.667 252.812 242.917 231.979 220
44.2 295 294.479 292.917 290.312 286.667 281.979 276.25 269.479 261.667 252.812 242.917 231.979 220
44.3 295 294.479 292.917 290.312 286.667 281.979 276.25 269.479 261.667 252.812 242.917 231.979 220
44.4 295 294.479 292.917 290.312 286.667 281.979 276.25 269.479 261.667 252.812 242.917 231.979 220
44.5 295 294.479 292.917 290.312 286.667 281.979 276.25 269.479 261.667 252.812 242.917 231.979 220
44.6 295 294.479 292.917 290.312 286.667 281.979 276.25 269.479 261.667 252.812 242.917 231.979 220
44.7 295 294.479 292.917 290.312 286.667 281.979 276.25 269.479 261.667 252.812 242.917 231.979 220
44.8 295 294.479 292.917 290.312 286.667 281.979 276.25 269.479 261.667 252.812 242.917 231.979 220
44.9 295 294.479 292.917 290.312 286.667 281.979 276.25 269.479 261.667 252.812 242.917 231.979 220
45 295 294.479 292.917 290.312 286.667 281.979 276.25 269.479 261.667 252.812 242.917 231.979 220
45.1 295 294.479 292.917 290.312 286.667 281.979 276.25 269.479 261.667 252.812 242.917 231.979 220
45.2 295 294.479 292.917 290.312 286.667 281.979 276.25 269.479 261.667 252.812 242.917 231.979 220
45.3 295 294.479 292.917 290.312 286.667 281.979 276.25 269.479 261.667 252.812 242.917 231.979 220
45.4 295 294.479 292.917 290.312 286.667 281.979 276.25 269.479 261.667 252.812 242.917 231.979 220
45.5 295 294.479 292.917 290.312 286.667 281.979 276.25 269.479 261.667 252.812 242.917 231.979 220
45.6 295 294.479 292.917 290.312 286.667 281.979 276.25 269.479 261.667 252.812 242.917 231.979 220
45.7 295 294.479 292.917 290.312 286.667 281.979 276.25 269.479 261.667 252.812 242.917 231.979 220
45.8 295 294.479 292.917 290.312 286.667 281.979 276.25 269.479 261.667 252.812 242.917 231.979 220
45.9 295 294.479 292.917 290.312 286.667 281.979 276.25 269.479 261.667 252.812 242.917 231.979 220
46 295 294.479 292.917 290.312 286.667 281.979 276.25 269.479 261.667 252.812 242.917 231.979 220
46.1 295 294.479 292.917 290.312 286.667 281.979 276.25 269.479 261.667 252.812 242.917 231.979 220
46.2 295 294.479 292.917 290.312 286.667 281.979 276.25 269.479 261.667 252.812 242.917 231.979 220
46.3 295 294.479 292.917 290.312 286.667 281.979 276.25 269.479 261.667 252.812 242.917 231.979 220
46.4 295 294.479 292.917 290.312 286.667 281.979 276.25 269.479 261.667 252.812 242.917 231.979 220
46.5 295 294.479 292.917 290.312 286.667 281.979 276.25 269.479 261.667 252.812 242.917 231.979 220
46.6 295 294.479 292.917 290.312 286.667 281.979 276.25 269.479 261.667 252.812 242.917 231.979 220
46.7 295 294.479 292.917 290.312 286.667 281.979 276.25 269.479 261.667 252.812 242.917 231.979 220
46.8 295 294.479 292.917 290.312 286.667 281.979 276.25 269.479 261.667 252.812 242.917 231.979 220
46.9 295 294.479 292.917 290.312 286.667 281.979 276.25 269.479 261.667 252.812 242.917 231.979 220
47 295 294.479 292.917 290.312 286.667 281.979 276.25 269.479 261.667 252.812 242.917 231.979 220
47.1 295 294.479 292.917 290.312 286.667 281.979 276.25 269.479 261.667 252.812 242.917 231.979 220
47.2 295 294.479 292.917 290.312 286.667 281.979 276.25 269.479 261.667 252.812 242.917 231.979 220
47.3 295 294.479 292.917 290.312 286.667 281.979 276.25 269.479 261.667 252.812 242.917 231.979 220
47.4 295 294.479 292.917 290.312 286.667 281.979 276.25 269.479 261.667 252.812 242.917 231.979 220
47.5 295 294.479 292.917 290.312 286.667 281.979 276.25 269.479 261.667 252.812 242.917 231.979 220
47.6 295 294.479 292.917 290.312 286.667 281.979 276.25 269.479 261.667 252.812 242.917 231.979 220
47.7 295 294.479 292.917 290.312 286.667 281.979 276.25 269.479 261.667 252.812 242.917 231.979 220
47.8 295 294.479 292.917 290.312 286.667 281.979 276.25 269.479 261.667 252.812 242.917 231.979 220
47.9 295 294.479 292.917 290.312 286.667 281.979 276.25 269.479 261.667 252.812 242.917 231.979 220
48 295 294.479 292.917 290.312 286.667 281.979 276.25 269.479 261.667 252.812 242.917 231.979 220
48.1 295 294.479 292.917 290.312 286.667 281.979 276.25 269.479 261.667 252.812 242.917 231.979 220
48.2 295 294.479 292.917 290.312 286.667 281.979 276.25 269.479 261.667 252.812 242.917 231.979 220
48.3 295 294.479 292.917 290.312 286.667 281.979 276.25 269.479 261.667 252.812 242.917 231.979 220
48.4 295 294.479 292.917 290.312 286.667 281.979 276.25 269.479 261.667 252.812 242.917 231.979 220
48.5 295 294.479 292.917 290.312 286.667 281.979 276.25 269.479 261.667 252.812 242.917 231.979 220
48.6 295 294.479 292.917 290.312 286.667 281.979 276.25 269.479 261.667 252.812 242.917 231.979 220
48.7 295 294.479 292.917 290.312 286.667 281.979 276.25 269.479 261.667 252.812 242.917 231.979 220
48.8 295 294.479 292.917 290.312 286.667 281.979 276.25 269.479 261.667 252.812 242.917 231.979 220
48.9 295 294.479 292.917 290.312 286.667 281.979 276.25 269.479 261.667 252.812 242.917 231.979 220
49 295 294.479 292.917 290.312 286.667 281.979 276.25 269.479 261.667 252.812 242.917 231.979 220
49.1 295 294.479 292.917 290.312 286.667 281.979 276.25 269.479 261.667 252.812 242.917 231.979 220
49.2 295 294.479 292.917 290.312 286.667 281.979 276.25 269.479 261.667 252.812 242.917 231.979 220
49.3 295 294.479 292.917 290.312 286.667 281.979 276.25 269.479 261.667 252.812 242.917 231.979 220
49.4 295 294.479 292.917 290.312 286.667 281.979 276.25 269.479 261.667 252.812 242.917 231.979 220
49.5 295 294.479 292.917 290.312 286.667 281.979 276.25 269.479 261.667 252.812 242.917 231.979 220
49.6 295 294.479 292.917 290.312 286.667 281.979 276.25 269.479 261.667 252.812 242.917 231.979 220
49.7 295 294.479 292.917 290.312 286.667 281.979 276.25 269.479 261.667 252.812 242.917 231.979 220
49.8 295 294.479 292.917 290.312 286.667 281.979 276.25 269.479 261.667 252.812 242.917 231.979 220
49.9 295 294.479 292.917 290.312 286.667 281.979 276.25 269.479 261.667 252.812 242.917 231.979 220
50 295 294.479 292.917 290.312 286.667 281.979 276.25 269.479 261.667 252.812 242.917 231.979 220